

-30, 
-34, 
-28, 
-4, 
-2, 
-40, 
-8, 
20, 
-6, 
-4, 
-16, 
-10, 
16, 
-2, 
-38, 
-22, 
-22, 
-26, 
-42, 
-2, 
-32, 
-54, 
-22, 
-28, 
-26, 
-18, 
-16, 
-22, 
-8, 
16, 
-22, 
-32, 
-42, 
26, 
-6, 
-48, 
-36, 
-42, 
-58, 
-20, 
2, 
-8, 
-22, 
-24, 
-38, 
-12, 
-34, 
-50, 
-32, 
-16, 
-12, 
-22, 
-26, 
-32, 
6, 
-16, 
-32, 
-2, 
-26, 
-24, 
-16, 
-50, 
-30, 
-32, 
-40, 
-50, 
-20, 
-8, 
8, 
-26, 
-6, 
-20, 
-32, 
-26, 
-32, 
-12, 
-28, 
-16, 
-10, 
6, 
-34, 
-66, 
-24, 
-10, 
-34, 
-22, 
-30, 
-30, 
-28, 
-4, 
-30, 
4, 
-8, 
-14, 
4, 
-40, 
-26, 
-18, 
-38, 
2, 
-44, 
-36, 
18, 
-34, 
-14, 
-26, 
-12, 
-18, 
-12, 
-34, 
-2, 
-14, 
-4, 
-4, 
14, 
-18, 
-18, 
-10, 
-24, 
-18, 
18, 
-10, 
-48, 
18, 
-42, 
18, 
-34, 
-20, 
-46, 
-12, 
14, 
4, 
-20, 
-18, 
-28, 
-26, 
-6, 
-6, 
-38, 
-20, 
-42, 
-28, 
-40, 
-30, 
-2, 
-32, 
2, 
-4, 
-10, 
-10, 
-4, 
-16, 
-6, 
-16, 
-36, 
-52, 
4, 
10, 
-26, 
-32, 
2, 
-40, 
-20, 
-30, 
-54, 
-18, 
-34, 
-28, 
-40, 
-16, 
-2, 
-58, 
-22, 
-36, 
46, 
-10, 
-20, 
-26, 
-28, 
-20, 
-30, 
-30, 
-34, 
-38, 
-50, 
-12, 
-8, 
-14, 
-30, 
-4, 
-24, 
-60, 
-38, 
-34, 
-8, 
-44, 
10, 
-18, 
-26, 
-12, 
-10, 
-22, 
-12, 
-10, 
10, 
-6, 
-26, 
-24, 
-10, 
8, 
4, 
-24, 
-38, 
-6, 
-20, 
-40, 
4, 
-28, 
-28, 
-18, 
-56, 
-12, 
-30, 
-34, 
-34, 
-22, 
-10, 
-18, 
-8, 
-14, 
-38, 
-14, 
-6, 
0, 
-42, 
-10, 
-28, 
-36, 
-22, 
-34, 
-22, 
-14, 
-12, 
-2, 
-6, 
-36, 
-40, 
16, 
-16, 
2, 
-22, 
-18, 
-26, 
-8, 
-40, 
-30, 
24, 
-18, 
-44, 
-34, 
-10, 
-46, 
-6, 
-42, 
-82, 
-14, 
-60, 
-24, 
-38, 
-34, 
-34, 
-42, 
-32, 
2, 
-18, 
72, 
-12, 
-50, 
-34, 
-22, 
-24, 
-28, 
-50, 
-36, 
-36, 
-10, 
-66, 
-8, 
8, 
-24, 
-34, 
-32, 
-20, 
-18, 
-44, 
-50, 
-30, 
-30, 
-46, 
-74, 
-8, 
-48, 
-4, 
-16, 
0, 
-50, 
-26, 
-24, 
-58, 
-12, 
-8, 
-20, 
-26, 
-8, 
-22, 
-42, 
10, 
-2, 
-20, 
-12, 
-12, 
-20, 
-22, 
-66, 
-26, 
-34, 
-42, 
-20, 
-24, 
-34, 
-30, 
8, 
-44, 
-24, 
-10, 
-14, 
-8, 
-20, 
-34, 
-34, 
6, 
-20, 
-18, 
-16, 
16, 
-42, 
-46, 
-4, 
-14, 
-26, 
-2, 
2, 
-4, 
8, 
-20, 
-30, 
-18, 
26, 
-34, 
-22, 
-22, 
-24, 
-30, 
-18, 
-30, 
-42, 
2, 
-42, 
-4, 
-8, 
-26, 
-32, 
-14, 
-22, 
0, 
-24, 
-52, 
-12, 
-50, 
-44, 
-18, 
-50, 
-32, 
-32, 
-42, 
-10, 
-8, 
-8, 
-16, 
-20, 
-20, 
-20, 
-46, 
-20, 
-16, 
-4, 
-18, 
-20, 
-2, 
-10, 
-14, 
-34, 
-36, 
-18, 
-4, 
-4, 
-20, 
-18, 
-20, 
-18, 
-8, 
-62, 
-8, 
-30, 
-12, 
-26, 
-28, 
-50, 
-30, 
-18, 
-36, 
-30, 
-58, 
-8, 
-18, 
-28, 
-40, 
-28, 
-24, 
-34, 
-18, 
-32, 
-18, 
-8, 
-28, 
-2, 
-10, 
-44, 
-8, 
-42, 
-10, 
-18, 
-34, 
-10, 
-50, 
-2, 
-62, 
-30, 
-30, 
-84, 
-38, 
-4, 
-12, 
6, 
-8, 
12, 
-32, 
-4, 
-34, 
0, 
-46, 
-48, 
-2, 
4, 
-34, 
-46, 
-34, 
-22, 
-4, 
-30, 
-8, 
-2, 
-34, 
-14, 
-20, 
-20, 
-18, 
-14, 
-2, 
-8, 
24, 
-16, 
-60, 
-44, 
-54, 
-4, 
-24, 
-4, 
-8, 
-28, 
-44, 
-30, 
-34, 
-18, 
-22, 
-8, 
-12, 
-18, 
-8, 
-18, 
-16, 
16, 
-56, 
-24, 
-12, 
14, 
-42, 
-20, 
-36, 
-26, 
-22, 
-58, 
-16, 
-32, 
-44, 
-4, 
-48, 
-34, 
-46, 
-2, 
-34, 
-24, 
-26, 
-14, 
-32, 
-18, 
-20, 
0, 
14, 
-12, 
-20, 
-12, 
-2, 
14, 
10, 
-34, 
10, 
-34, 
-46, 
6, 
-34, 
4, 
-22, 
-40, 
-50, 
-34, 
-34, 
-66, 
-16, 
-32, 
-48, 
-26, 
-24, 
-36, 
-14, 
-32, 
-22, 
-16, 
-34, 
-6, 
-22, 
-26, 
-32, 
2, 
-16, 
0, 
-26, 
-28, 
-16, 
-30, 
-14, 
-46, 
8, 
-10, 
-36, 
-34, 
-32, 
20, 
-24, 
12, 
-10, 
-38, 
-40, 
-30, 
-36, 
2, 
-16, 
-40, 
-38, 
-8, 
-20, 
-66, 
-22, 
-6, 
-34, 
-46, 
-2, 
2, 
-8, 
-28, 
0, 
-16, 
-6, 
24, 
-22, 
-50, 
-36, 
-20, 
-14, 
-16, 
-24, 
-16, 
-2, 
-8, 
-28, 
-16, 
-20, 
-24, 
-22, 
-16, 
-16, 
-8, 
-14, 
-20, 
-8, 
-12, 
-20, 
-32, 
-26, 
-8, 
-26, 
-22, 
-34, 
-10, 
-22, 
-10, 
-4, 
16, 
-34, 
-34, 
-2, 
-4, 
8, 
-46, 
4, 
-10, 
-38, 
12, 
-20, 
-50, 
-32, 
-30, 
-48, 
-22, 
-26, 
-18, 
-30, 
8, 
-26, 
-22, 
-44, 
-22, 
-42, 
-24, 
-2, 
-14, 
-30, 
-22, 
-48, 
-30, 
-26, 
-8, 
-34, 
-14, 
-4, 
-18, 
-34, 
16, 
-40, 
-2, 
-6, 
-6, 
16, 
-2, 
-24, 
-48, 
-34, 
2, 
-24, 
-32, 
-12, 
-44, 
0, 
-18, 
-30, 
-18, 
-18, 
0, 
-18, 
-20, 
16, 
-46, 
-42, 
-36, 
-50, 
-34, 
-36, 
-40, 
-30, 
-46, 
-26, 
-6, 
-22, 
-14, 
-10, 
-30, 
-6, 
-22, 
-18, 
26, 
12, 
2, 
-20, 
-2, 
-16, 
-4, 
-34, 
-40, 
-30, 
-12, 
-24, 
-4, 
-46, 
-22, 
-70, 
-32, 
-42, 
8, 
4, 
-18, 
-10, 
-22, 
46, 
-66, 
-16, 
-38, 
-30, 
-46, 
-48, 
-20, 
-20, 
-52, 
14, 
-38, 
-36, 
-12, 
-68, 
-4, 
-8, 
-14, 
-62, 
-28, 
-22, 
-50, 
-16, 
-4, 
-54, 
6, 
-38, 
-10, 
8, 
-22, 
-18, 
-42, 
-40, 
-10, 
-4, 
24, 
-24, 
32, 
-2, 
-10, 
-6, 
-46, 
-36, 
-6, 
-20, 
-18, 
-34, 
-26, 
-56, 
-16, 
0, 
-20, 
-36, 
-8, 
-40, 
-18, 
-18, 
-30, 
-34, 
-24, 
-58, 
-24, 
-16, 
-16, 
-42, 
-52, 
-42, 
-38, 
-16, 
-14, 
-28, 
-34, 
-58, 
-42, 
16, 
-14, 
-26, 
-8, 
-34, 
-4, 
-30, 
0, 
4, 
-30, 
-22, 
0, 
-34, 
-52, 
-38, 
-36, 
-10, 
-28, 
-6, 
-24, 
-50, 
-80, 
-6, 
12, 
2, 
-8, 
22, 
-30, 
0, 
-16, 
-42, 
-26, 
-8, 
-30, 
2, 
-16, 
-20, 
-38, 
-8, 
2, 
-10, 
-20, 
-6, 
-22, 
-8, 
-22, 
4, 
-4, 
-42, 
-20, 
-42, 
-14, 
-18, 
-12, 
-22, 
18, 
-34, 
-22, 
-18, 
-6, 
-58, 
-18, 
-22, 
-20, 
20, 
-20, 
-48, 
-10, 
-36, 
-2, 
-22, 
-8, 
-28, 
-18, 
-26, 
18, 
-52, 
-22, 
-24, 
-46, 
-16, 
-40, 
-20, 
-24, 
36, 
-12, 
-54, 
4, 
-24, 
-40, 
-14, 
-12, 
-32, 
-12, 
-62, 
-24, 
-32, 
-34, 
-20, 
-42, 
-54, 
6, 
-4, 
-26, 
-14, 
-44, 
-6, 
-42, 
-26, 
-42, 
8, 
-18, 
-20, 
-34, 
-16, 
-16, 
-12, 
-26, 
-42, 
-36, 
-46, 
10, 
-58, 
-34, 
-4, 
-58, 
-10, 
4, 
8, 
-26, 
-30, 
-2, 
-36, 
-36, 
-10, 
-16, 
4, 
-34, 
-14, 
-42, 
-42, 
8, 
-10, 
-16, 
2, 
6, 
-38, 
-4, 
8, 
24, 
-8, 
2, 
-18, 
-16, 
-24, 
-20, 
-38, 
-64, 
-12, 
-42, 
-34, 
-30, 
2, 
0, 
-34, 
4, 
-10, 
-20, 
2, 
-4, 
-24, 
-34, 
-14, 
-58, 
-22, 
-10, 
-30, 
-14, 
-54, 
-56, 
-14, 
-24, 
-12, 
-26, 
-36, 
-24, 
-16, 
-10, 
8, 
16, 
-34, 
-32, 
-18, 
-46, 
-26, 
-6, 
-34, 
-36, 
-22, 
-6, 
-10, 
0, 
-8, 
-10, 
-38, 
-8, 
-28, 
6, 
-30, 
16, 
-16, 
-56, 
-2, 
-34, 
-22, 
-18, 
-36, 
-28, 
-26, 
0, 
-10, 
-18, 
-22, 
-4, 
-18, 
6, 
-10, 
-2, 
-24, 
-24, 
-42, 
-6, 
-26, 
-12, 
-2, 
-42, 
-34, 
-14, 
-26, 
-28, 
-12, 
-20, 
-52, 
-12, 
-14, 
-34, 
-4, 
-18, 
-20, 
4, 
-24, 
-34, 
-38, 
-26, 
16, 
-6, 
-20, 
-54, 
16, 
-20, 
-38, 
-66, 
6, 
-18, 
-18, 
-32, 
-28, 
-30, 
-8, 
-16, 
-14, 
-10, 
-10, 
30, 
22, 
-24, 
-2, 
14, 
8, 
-30, 
-36, 
-46, 
-48, 
-20, 
-32, 
-42, 
8, 
-24, 
-8, 
-32, 
-62, 
-4, 
-30, 
0, 
-18, 
-34, 
-42, 
-14, 
6, 
-38, 
0, 
-2, 
-38, 
4, 
-20, 
-22, 
-20, 
-38, 
-22, 
12, 
-20, 
-24, 
-28, 
-26, 
10, 
0, 
-48, 
-18, 
-16, 
-26, 
-18, 
-38, 
-28, 
-42, 
-36, 
12, 
-6, 
-2, 
-16, 
10, 
16, 
-46, 
-34, 
-30, 
4, 
-56, 
-12, 
-46, 
-8, 
-6, 
-50, 
-28, 
-40, 
-42, 
-2, 
-34, 
-6, 
-20, 
-20, 
-10, 
16, 
-60, 
-36, 
-34, 
0, 
-54, 
6, 
10, 
-24, 
-10, 
-30, 
-26, 
-30, 
-18, 
-10, 
-38, 
-10, 
-12, 
-16, 
-10, 
-10, 
-24, 
-34, 
-6, 
-42, 
-32, 
-20, 
-34, 
-34, 
-8, 
-30, 
-16, 
-22, 
-42, 
-42, 
-34, 
-18, 
12, 
2, 
-8, 
-10, 
-34, 
-34, 
-32, 
-34, 
-10, 
-4, 
-8, 
-52, 
4, 
-48, 
-22, 
-30, 
-20, 
-50, 
-18, 
-20, 
-24, 
-36, 
10, 
-66, 
-14, 
-8, 
-12, 
-6, 
-30, 
-32, 
-8, 
-22, 
-46, 
-42, 
10, 
-18, 
8, 
-42, 
-12, 
-42, 
-32, 
-50, 
-12, 
-8, 
0, 
-26, 
-18, 
-24, 
-8, 
-4, 
-8, 
-20, 
-22, 
-82, 
-34, 
-6, 
-34, 
-32, 
-6, 
-4, 
8, 
20, 
-10, 
-34, 
-12, 
-6, 
-2, 
-34, 
-8, 
-56, 
2, 
-4, 
-16, 
-60, 
-20, 
-38, 
-38, 
-18, 
-60, 
-8, 
-20, 
-42, 
4, 
-10, 
-30, 
4, 
16, 
14, 
-26, 
22, 
16, 
-34, 
-36, 
-28, 
-24, 
-22, 
-32, 
-50, 
-36, 
-18, 
-16, 
0, 
-12, 
18, 
-10, 
-12, 
-38, 
14, 
4, 
-34, 
0, 
44, 
-28, 
-20, 
-18, 
-28, 
-66, 
-22, 
-36, 
-32, 
-40, 
-14, 
-8, 
-30, 
2, 
-58, 
-44, 
-10, 
2, 
-18, 
-12, 
-56, 
-18, 
-36, 
-20, 
-46, 
-34, 
-22, 
28, 
-34, 
-6, 
-28, 
-28, 
-18, 
-6, 
-8, 
-2, 
-14, 
-24, 
0, 
-2, 
28, 
10, 
-20, 
0, 
-46, 
-50, 
-40, 
-24, 
-34, 
-22, 
20, 
-18, 
-10, 
10, 
-6, 
24, 
2, 
0, 
-44, 
-14, 
-34, 
-24, 
-10, 
-52, 
-4, 
-14, 
-18, 
-34, 
-34, 
-28, 
-40, 
20, 
-6, 
-34, 
0, 
-32, 
-42, 
-36, 
4, 
-30, 
-18, 
-26, 
-24, 
-16, 
-16, 
-22, 
-24, 
-10, 
24, 
-44, 
-46, 
-12, 
0, 
-8, 
-4, 
-14, 
-12, 
-38, 
-10, 
-14, 
-20, 
-18, 
-16, 
-48, 
-20, 
-4, 
-50, 
-18, 
-2, 
-4, 
0, 
-10, 
-24, 
-42, 
14, 
-6, 
-26, 
-44, 
-38, 
-38, 
-22, 
-16, 
12, 
-2, 
-50, 
-12, 
-22, 
-50, 
-24, 
-28, 
-58, 
-52, 
0, 
-20, 
-2, 
-12, 
-26, 
-18, 
-40, 
-26, 
-10, 
-4, 
12, 
-6, 
-32, 
-46, 
-18, 
-44, 
-4, 
-4, 
6, 
-16, 
-16, 
8, 
-34, 
12, 
4, 
-14, 
-44, 
-16, 
-36, 
-8, 
-34, 
-36, 
-12, 
-34, 
4, 
-40, 
-2, 
-24, 
-4, 
24, 
-50, 
-8, 
0, 
-8, 
-8, 
0, 
-14, 
-28, 
-12, 
-40, 
-34, 
-44, 
-8, 
-48, 
-18, 
-4, 
-34, 
-28, 
-16, 
-24, 
30, 
-8, 
-28, 
-38, 
-10, 
-20, 
-72, 
-42, 
-18, 
-12, 
-36, 
-28, 
-32, 
-36, 
-8, 
-8, 
-32, 
-30, 
-50, 
-36, 
-8, 
-30, 
-24, 
-28, 
-28, 
-20, 
-24, 
18, 
-20, 
-28, 
-4, 
-6, 
-20, 
-28, 
-24, 
-38, 
-10, 
-10, 
-50, 
-38, 
-4, 
-10, 
-52, 
-22, 
0, 
-24, 
6, 
-20, 
-26, 
-20, 
-34, 
-46, 
-28, 
-74, 
-20, 
-40, 
-34, 
-12, 
-40, 
22, 
-14, 
-34, 
-6, 
-18, 
-24, 
-26, 
-44, 
-8, 
-34, 
-16, 
-24, 
-28, 
-26, 
16, 
-28, 
-26, 
-38, 
-16, 
-44, 
-34, 
-26, 
-26, 
-2, 
-4, 
-20, 
-14, 
-18, 
-2, 
-14, 
-6, 
-16, 
0, 
-44, 
4, 
-26, 
2, 
-10, 
-16, 
-22, 
-44, 
-30, 
-16, 
-52, 
-36, 
2, 
-32, 
-24, 
-10, 
-30, 
2, 
10, 
32, 
-36, 
-20, 
-10, 
-34, 
-8, 
-22, 
-20, 
-4, 
-4, 
-24, 
-28, 
-8, 
-20, 
4, 
-16, 
-26, 
-14, 
-20, 
-42, 
2, 
-28, 
-36, 
-18, 
32, 
-18, 
-16, 
-18, 
34, 
-18, 
-16, 
-8, 
10, 
-26, 
-40, 
-24, 
-10, 
-24, 
-6, 
6, 
-6, 
-62, 
8, 
-42, 
-46, 
-38, 
2, 
-32, 
-36, 
-24, 
-16, 
-14, 
-32, 
-18, 
-30, 
-22, 
14, 
2, 
-36, 
-24, 
-26, 
-12, 
-62, 
-38, 
6, 
2, 
-8, 
-26, 
-6, 
-54, 
-18, 
-34, 
-40, 
-50, 
-8, 
-18, 
-34, 
-22, 
-18, 
6, 
-40, 
6, 
-26, 
-30, 
-24, 
-38, 
-28, 
-66, 
-34, 
-2, 
-6, 
-44, 
-24, 
16, 
-8, 
-16, 
-22, 
-18, 
-6, 
12, 
-32, 
6, 
-22, 
-42, 
-16, 
-24, 
-20, 
-8, 
-34, 
-24, 
-18, 
-46, 
24, 
-44, 
-34, 
-32, 
-6, 
-46, 
-14, 
24, 
-34, 
-40, 
-18, 
-14, 
4, 
4, 
6, 
-28, 
-44, 
-28, 
-26, 
-2, 
32, 
-58, 
-18, 
-40, 
-64, 
-16, 
30, 
-36, 
-10, 
-22, 
-28, 
-22, 
-24, 
-8, 
-2, 
-20, 
24, 
-32, 
-38, 
-26, 
-32, 
-58, 
-52, 
24, 
-34, 
-22, 
-14, 
4, 
-16, 
-36, 
-14, 
24, 
-40, 
-36, 
-42, 
-50, 
-48, 
-24, 
-24, 
-52, 
-16, 
-2, 
4, 
-20, 
-4, 
-30, 
16, 
-12, 
-28, 
-56, 
-10, 
-2, 
-12, 
-14, 
-16, 
-50, 
-36, 
-18, 
-44, 
-42, 
-32, 
-24, 
-24, 
0, 
0, 
-26, 
-12, 
8, 
-14, 
-38, 
-18, 
-40, 
-10, 
-50, 
-36, 
-66, 
-10, 
-40, 
-10, 
-54, 
-10, 
-36, 
-24, 
-16, 
-42, 
-24, 
-20, 
14, 
-34, 
10, 
-28, 
-22, 
8, 
-14, 
-24, 
-38, 
-22, 
-16, 
-34, 
-20, 
-22, 
16, 
6, 
-52, 
-26, 
-18, 
-42, 
-4, 
26, 
-26, 
-10, 
-20, 
-26, 
24, 
-10, 
-4, 
-54, 
-66, 
-36, 
16, 
-42, 
-24, 
-6, 
36, 
-20, 
-2, 
20, 
0, 
-34, 
-10, 
6, 
-22, 
-22, 
-42, 
-10, 
10, 
-36, 
-54, 
-8, 
-24, 
10, 
-20, 
-60, 
-10, 
2, 
-18, 
-22, 
16, 
-8, 
-18, 
-46, 
-2, 
-34, 
-18, 
-56, 
-32, 
-20, 
-36, 
0, 
-32, 
-66, 
-18, 
-8, 
-38, 
-82, 
-2, 
6, 
-36, 
36, 
-14, 
-20, 
-26, 
-38, 
-8, 
-8, 
-20, 
-38, 
-8, 
-20, 
-54, 
-8, 
-22, 
-72, 
-18, 
-10, 
-24, 
-80, 
-18, 
-16, 
-14, 
-22, 
-28, 
-42, 
-32, 
12, 
-52, 
-68, 
-28, 
2, 
-2, 
-24, 
-26, 
-16, 
36, 
16, 
-4, 
-38, 
-32, 
-18, 
-34, 
-20, 
-8, 
16, 
-14, 
-36, 
-38, 
-16, 
8, 
-66, 
6, 
8, 
-16, 
-42, 
-56, 
-8, 
-8, 
-2, 
-16, 
-8, 
-26, 
4, 
-4, 
-40, 
-22, 
-10, 
-24, 
-22, 
-34, 
-38, 
-26, 
-2, 
-2, 
-32, 
-24, 
-12, 
-26, 
-20, 
-28, 
-8, 
0, 
-20, 
-42, 
14, 
-24, 
-26, 
-24, 
-4, 
-34, 
-6, 
-58, 
-24, 
-22, 
-24, 
-4, 
-14, 
-24, 
-18, 
-4, 
-54, 
-2, 
-12, 
-20, 
-2, 
6, 
8, 
-66, 
-32, 
-66, 
-38, 
-32, 
-24, 
-52, 
-18, 
-34, 
-2, 
-10, 
-14, 
-40, 
16, 
-20, 
-6, 
-6, 
-20, 
-6, 
-24, 
-2, 
-34, 
-16, 
-48, 
0, 
-14, 
-66, 
-12, 
-28, 
-38, 
26, 
-12, 
16, 
8, 
-24, 
-28, 
-34, 
6, 
-20, 
8, 
-8, 
-66, 
12, 
-38, 
-54, 
-26, 
2, 
-12, 
-8, 
-28, 
-42, 
-6, 
-44, 
-24, 
10, 
24, 
-46, 
-26, 
-4, 
-4, 
-34, 
-32, 
-44, 
-26, 
-16, 
-28, 
-28, 
-50, 
-10, 
-36, 
-16, 
-24, 
-16, 
-34, 
-10, 
-40, 
-12, 
-50, 
-22, 
10, 
-32, 
-30, 
-66, 
-20, 
-26, 
-18, 
-24, 
-48, 
-38, 
-22, 
-24, 
-32, 
-24, 
0, 
-2, 
-50, 
-24, 
-2, 
-26, 
-16, 
8, 
-42, 
-40, 
-24, 
-18, 
-38, 
-50, 
-36, 
-50, 
-48, 
-28, 
-26, 
-44, 
-10, 
-16, 
-22, 
10, 
-10, 
32, 
-50, 
-10, 
-10, 
2, 
-14, 
-14, 
-50, 
-46, 
-38, 
-42, 
-6, 
-6, 
-18, 
0, 
4, 
-48, 
-60, 
-38, 
-18, 
-18, 
-16, 
-34, 
-18, 
-30, 
-20, 
-58, 
-32, 
-8, 
-20, 
-10, 
-16, 
-34, 
-54, 
-8, 
-26, 
-8, 
-8, 
-14, 
-14, 
-12, 
4, 
-8, 
-12, 
-16, 
-36, 
-56, 
-18, 
-36, 
-36, 
-58, 
-8, 
-50, 
-22, 
-4, 
-18, 
-46, 
-20, 
-10, 
-42, 
4, 
-2, 
2, 
-32, 
-24, 
-26, 
-34, 
-40, 
-18, 
-34, 
-26, 
-10, 
-40, 
12, 
-14, 
-24, 
-40, 
26, 
-34, 
-22, 
-32, 
-50, 
-50, 
16, 
-24, 
-2, 
-42, 
-26, 
0, 
-2, 
-24, 
-42, 
-30, 
-44, 
-40, 
-16, 
-24, 
-34, 
-22, 
-32, 
62, 
-2, 
-12, 
-10, 
-2, 
-18, 
-28, 
-20, 
-18, 
-28, 
-20, 
-40, 
-22, 
-36, 
-18, 
-10, 
-38, 
-10, 
-18, 
-24, 
-14, 
-20, 
-50, 
-16, 
-26, 
-34, 
-24, 
-54, 
-24, 
-10, 
-20, 
-24, 
-38, 
-26, 
-26, 
-28, 
-28, 
-12, 
-28, 
-8, 
12, 
-18, 
-40, 
-36, 
-38, 
24, 
0, 
-16, 
-2, 
-14, 
-42, 
-30, 
16, 
-36, 
-30, 
-2, 
-62, 
-16, 
-16, 
-10, 
-12, 
-34, 
-16, 
-58, 
2, 
-16, 
-28, 
12, 
-10, 
-14, 
-40, 
-46, 
-32, 
-32, 
-34, 
-6, 
-20, 
-56, 
-44, 
-10, 
-2, 
-34, 
-32, 
-40, 
10, 
-34, 
-32, 
-22, 
-32, 
10, 
-16, 
-26, 
-2, 
-14, 
-34, 
-14, 
-36, 
-14, 
-12, 
-28, 
-24, 
0, 
-16, 
-16, 
-44, 
-18, 
-34, 
-20, 
48, 
-24, 
-28, 
-22, 
-18, 
-10, 
-30, 
-80, 
-34, 
6, 
-34, 
-30, 
-52, 
-2, 
-18, 
2, 
-4, 
-18, 
-12, 
-4, 
-4, 
0, 
-38, 
-18, 
12, 
-44, 
-14, 
-4, 
-60, 
-16, 
-34, 
0, 
-42, 
-32, 
-18, 
-4, 
-18, 
-50, 
-16, 
-30, 
-10, 
-4, 
-18, 
-32, 
-40, 
-46, 
-20, 
-18, 
-8, 
-50, 
-26, 
-20, 
-18, 
-8, 
-34, 
-2, 
12, 
-30, 
12, 
-22, 
-8, 
-6, 
-38, 
-38, 
-14, 
-12, 
-14, 
-52, 
-24, 
-46, 
-18, 
-24, 
-50, 
-30, 
-18, 
-40, 
18, 
-24, 
-50, 
-28, 
-44, 
-12, 
-14, 
-22, 
-28, 
-14, 
-48, 
-58, 
-26, 
0, 
-34, 
-18, 
8, 
-18, 
-32, 
10, 
-38, 
-10, 
2, 
-20, 
-48, 
-22, 
-6, 
-28, 
-16, 
-4, 
-42, 
-54, 
-2, 
-20, 
-12, 
-24, 
-32, 
20, 
-36, 
-12, 
0, 
-24, 
6, 
-22, 
8, 
-30, 
-40, 
-42, 
-22, 
-42, 
-6, 
-2, 
-22, 
2, 
-20, 
-24, 
-6, 
-8, 
-16, 
-8, 
14, 
-26, 
-18, 
20, 
-22, 
0, 
4, 
-4, 
-20, 
-2, 
-28, 
8, 
-34, 
-6, 
-46, 
-20, 
6, 
-14, 
-28, 
-40, 
-16, 
14, 
-18, 
-14, 
-20, 
6, 
-48, 
0, 
-20, 
-32, 
-26, 
-6, 
-30, 
-10, 
-8, 
-12, 
-34, 
-34, 
-4, 
-30, 
-8, 
-4, 
-6, 
-12, 
-46, 
-8, 
-34, 
-38, 
-18, 
-42, 
-52, 
-20, 
10, 
-54, 
-18, 
-56, 
-32, 
-14, 
-40, 
-52, 
-14, 
-4, 
-18, 
4, 
-24, 
-24, 
-26, 
-26, 
-40, 
-28, 
-16, 
-26, 
-48, 
-14, 
-22, 
-32, 
-8, 
-14, 
-20, 
-36, 
0, 
8, 
-34, 
-36, 
-26, 
-38, 
-20, 
-12, 
-10, 
-30, 
-44, 
-34, 
-44, 
-32, 
-24, 
-28, 
-18, 
-24, 
18, 
-2, 
-20, 
-38, 
-28, 
-50, 
-10, 
10, 
4, 
-26, 
-48, 
-36, 
-2, 
-24, 
-20, 
-70, 
-22, 
-20, 
-4, 
-18, 
-26, 
-2, 
8, 
-16, 
-10, 
-8, 
-4, 
0, 
-20, 
-46, 
-32, 
-40, 
-8, 
0, 
-8, 
-34, 
-40, 
-24, 
-36, 
-6, 
14, 
30, 
-28, 
-6, 
-18, 
-14, 
-14, 
-14, 
6, 
-32, 
-20, 
-44, 
-34, 
-54, 
-44, 
-26, 
-4, 
-16, 
-36, 
4, 
14, 
-40, 
-10, 
-18, 
-22, 
-34, 
-22, 
-30, 
-14, 
-42, 
-14, 
-6, 
-44, 
-30, 
-20, 
-10, 
-18, 
-10, 
-18, 
-20, 
-14, 
-16, 
-18, 
-22, 
-50, 
-14, 
-18, 
-24, 
12, 
-8, 
-28, 
-20, 
-42, 
-28, 
-28, 
-16, 
-58, 
-38, 
-12, 
-46, 
-24, 
-36, 
-6, 
-24, 
20, 
-6, 
40, 
-32, 
-36, 
10, 
-20, 
-18, 
-34, 
-34, 
-48, 
0, 
-24, 
16, 
-24, 
-40, 
-16, 
-10, 
-14, 
-46, 
-2, 
-44, 
-14, 
-34, 
-24, 
-50, 
-18, 
2, 
-6, 
-20, 
-26, 
-38, 
-6, 
-38, 
12, 
-22, 
-48, 
-32, 
-36, 
-38, 
10, 
12, 
-22, 
-10, 
-20, 
-16, 
-32, 
-16, 
-34, 
-2, 
0, 
-38, 
-20, 
-44, 
-6, 
-16, 
-32, 
-36, 
4, 
0, 
18, 
-34, 
8, 
-14, 
-16, 
-6, 
-10, 
-20, 
-18, 
-30, 
-14, 
-66, 
-18, 
-2, 
-50, 
-20, 
-48, 
-14, 
-34, 
-2, 
-54, 
-18, 
-36, 
-22, 
-16, 
-4, 
-28, 
-16, 
-34, 
12, 
12, 
-50, 
-20, 
-18, 
-24, 
-42, 
-60, 
-18, 
-58, 
-18, 
-62, 
-34, 
-34, 
-18, 
-20, 
-32, 
-26, 
34, 
-22, 
-34, 
12, 
-8, 
-40, 
-48, 
-26, 
-54, 
-28, 
-22, 
-34, 
4, 
-4, 
-48, 
-28, 
2, 
-20, 
-34, 
-24, 
-24, 
-34, 
-20, 
18, 
-56, 
-32, 
-20, 
-18, 
-20, 
-32, 
-2, 
-26, 
-12, 
-18, 
-44, 
20, 
-18, 
-26, 
-30, 
18, 
-20, 
2, 
-18, 
-16, 
-6, 
-16, 
-34, 
-32, 
-14, 
-46, 
-22, 
-16, 
-48, 
8, 
-24, 
-20, 
-16, 
26, 
-22, 
-2, 
-26, 
-34, 
-12, 
-10, 
-28, 
-10, 
-44, 
0, 
-2, 
-30, 
-40, 
-38, 
-14, 
-66, 
-2, 
-50, 
-36, 
-32, 
-18, 
-10, 
-20, 
-18, 
-34, 
-28, 
-10, 
-26, 
-30, 
-26, 
-34, 
-82, 
-16, 
-76, 
-20, 
8, 
-6, 
-4, 
-34, 
4, 
26, 
-4, 
-8, 
-46, 
-10, 
-54, 
-26, 
-64, 
-12, 
2, 
-8, 
-28, 
-12, 
-16, 
-36, 
-20, 
-8, 
-12, 
-4, 
-4, 
-8, 
-4, 
42, 
-30, 
-38, 
-8, 
4, 
-52, 
-24, 
-42, 
-56, 
-10, 
-46, 
-52, 
-10, 
2, 
-34, 
12, 
-14, 
-42, 
-6, 
-14, 
-2, 
-22, 
-34, 
0, 
-34, 
-50, 
20, 
-32, 
-36, 
-6, 
-22, 
-14, 
-10, 
0, 
-64, 
-30, 
-34, 
-26, 
-40, 
-8, 
-22, 
-6, 
-14, 
-54, 
10, 
-46, 
30, 
-26, 
-16, 
-28, 
-50, 
-36, 
-42, 
-36, 
-24, 
-30, 
-14, 
-14, 
-8, 
-30, 
-22, 
-40, 
-58, 
-20, 
-2, 
-38, 
-18, 
-30, 
-10, 
-38, 
-6, 
-8, 
0, 
-12, 
-26, 
-34, 
-2, 
-38, 
-16, 
-10, 
-16, 
-66, 
10, 
14, 
8, 
-28, 
-30, 
-32, 
-28, 
8, 
-40, 
50, 
20, 
-34, 
-38, 
-34, 
8, 
16, 
-8, 
-40, 
-14, 
-4, 
-48, 
-16, 
-12, 
-66, 
-2, 
-22, 
-18, 
-52, 
22, 
-46, 
-10, 
-12, 
-2, 
-4, 
-4, 
-28, 
-2, 
-4, 
-18, 
4, 
-26, 
-26, 
-4, 
0, 
8, 
-34, 
-44, 
-20, 
-40, 
-22, 
4, 
-28, 
-6, 
-6, 
-12, 
-64, 
-24, 
-34, 
-18, 
-26, 
2, 
-4, 
8, 
-34, 
-20, 
-10, 
-32, 
-14, 
-12, 
4, 
-42, 
-32, 
-34, 
-32, 
-50, 
-36, 
-16, 
-10, 
-24, 
-18, 
-8, 
6, 
-18, 
-26, 
-60, 
-14, 
-20, 
-20, 
-10, 
-16, 
-24, 
-34, 
-2, 
-40, 
-24, 
-38, 
-48, 
-30, 
-18, 
16, 
-24, 
-16, 
14, 
-44, 
-42, 
26, 
-6, 
-4, 
-42, 
-32, 
-14, 
-2, 
-12, 
-14, 
-32, 
-6, 
24, 
8, 
-32, 
-22, 
-18, 
12, 
-4, 
-28, 
-6, 
-44, 
4, 
16, 
-6, 
10, 
-46, 
-52, 
-18, 
-36, 
-2, 
-6, 
-26, 
-26, 
-32, 
-32, 
-6, 
10, 
8, 
-8, 
12, 
-26, 
-24, 
-66, 
-28, 
-10, 
-14, 
-48, 
-12, 
-22, 
-24, 
-18, 
-30, 
-30, 
-16, 
-18, 
-24, 
-6, 
-4, 
-4, 
-34, 
-20, 
-46, 
-2, 
14, 
-34, 
-42, 
-32, 
-30, 
-16, 
-28, 
-12, 
0, 
-24, 
-42, 
24, 
-16, 
-16, 
-14, 
-10, 
-26, 
-12, 
-12, 
-54, 
6, 
0, 
-24, 
-2, 
-16, 
-8, 
-28, 
-4, 
0, 
-42, 
-28, 
-16, 
-2, 
-2, 
-10, 
8, 
-52, 
-38, 
-36, 
-22, 
-42, 
-22, 
-42, 
-16, 
-30, 
0, 
-26, 
-18, 
-10, 
-30, 
-34, 
-16, 
-10, 
20, 
-16, 
-22, 
-16, 
-16, 
-12, 
-32, 
-12, 
24, 
-34, 
4, 
-36, 
-2, 
-44, 
-24, 
-8, 
-28, 
-34, 
-12, 
-16, 
-22, 
-40, 
-34, 
-26, 
-20, 
10, 
-34, 
-28, 
-58, 
-8, 
-26, 
-16, 
-38, 
-58, 
-18, 
-36, 
10, 
-16, 
-38, 
-12, 
-10, 
-18, 
-6, 
-38, 
-26, 
-10, 
-4, 
-22, 
-16, 
-34, 
0, 
38, 
-22, 
-32, 
-18, 
-34, 
-8, 
-14, 
-42, 
-18, 
-4, 
-8, 
-20, 
-26, 
-18, 
-24, 
-2, 
-26, 
-54, 
-28, 
-10, 
-38, 
-52, 
-50, 
-28, 
-48, 
-44, 
-22, 
-6, 
-18, 
-36, 
-6, 
-24, 
-38, 
-10, 
-38, 
-8, 
10, 
-34, 
-18, 
-34, 
-38, 
-40, 
-14, 
-16, 
-24, 
-6, 
-22, 
-10, 
-30, 
26, 
-22, 
-42, 
-38, 
-42, 
-6, 
-24, 
-26, 
12, 
-22, 
-40, 
-56, 
-36, 
-12, 
18, 
-12, 
-18, 
-18, 
-10, 
-18, 
-48, 
16, 
-18, 
-2, 
-4, 
0, 
-40, 
-4, 
-26, 
8, 
-20, 
-12, 
4, 
-34, 
2, 
-2, 
-2, 
-42, 
-32, 
-20, 
-20, 
-14, 
-34, 
0, 
26, 
-8, 
4, 
-8, 
-30, 
-34, 
-18, 
-18, 
-4, 
-48, 
-18, 
-42, 
-18, 
-16, 
-10, 
-42, 
-28, 
-36, 
-12, 
-36, 
-36, 
-32, 
-40, 
-8, 
-8, 
-22, 
2, 
-50, 
-32, 
-8, 
-26, 
-2, 
4, 
-18, 
8, 
-18, 
-32, 
-34, 
-46, 
-14, 
-10, 
12, 
-24, 
14, 
-18, 
-34, 
-24, 
-36, 
2, 
-82, 
10, 
-22, 
-40, 
-32, 
6, 
-6, 
-8, 
-14, 
-28, 
-14, 
-42, 
10, 
-8, 
-26, 
18, 
-12, 
-48, 
-36, 
-54, 
12, 
-22, 
8, 
34, 
-24, 
-2, 
-28, 
8, 
-26, 
-26, 
-24, 
2, 
-46, 
-40, 
-52, 
-10, 
-30, 
-38, 
-42, 
-10, 
-14, 
-52, 
-28, 
-24, 
-34, 
-6, 
-30, 
-6, 
14, 
-32, 
-16, 
-18, 
-12, 
-36, 
-8, 
-20, 
-18, 
-8, 
8, 
16, 
-24, 
-44, 
-6, 
-4, 
-16, 
-4, 
22, 
-8, 
-8, 
-48, 
-28, 
-14, 
-44, 
8, 
-30, 
-10, 
-40, 
-14, 
-32, 
-50, 
-2, 
-26, 
-52, 
-16, 
-22, 
-28, 
14, 
-16, 
32, 
4, 
0, 
-18, 
2, 
-46, 
-84, 
-34, 
-44, 
-2, 
-28, 
-16, 
-48, 
-32, 
-60, 
-48, 
-48, 
6, 
-42, 
-10, 
-10, 
-18, 
-34, 
-38, 
-14, 
-30, 
-22, 
-36, 
-26, 
-34, 
-38, 
0, 
-18, 
-42, 
-34, 
-36, 
-14, 
2, 
-68, 
-30, 
-28, 
-20, 
-24, 
-18, 
-34, 
0, 
4, 
-28, 
-12, 
-42, 
-26, 
-40, 
-70, 
-22, 
-8, 
-16, 
-34, 
-36, 
-18, 
-4, 
2, 
0, 
12, 
4, 
-34, 
2, 
-18, 
-24, 
-24, 
-36, 
-36, 
-10, 
-26, 
-50, 
-42, 
-20, 
-28, 
-32, 
-8, 
-14, 
18, 
-38, 
-18, 
-26, 
-24, 
10, 
-62, 
-28, 
-20, 
6, 
-40, 
-2, 
-2, 
-2, 
-30, 
-12, 
-34, 
-16, 
-6, 
-44, 
-2, 
-18, 
20, 
-34, 
-22, 
-22, 
-18, 
-12, 
8, 
-14, 
-62, 
-12, 
-22, 
-26, 
-48, 
-18, 
-16, 
-22, 
-16, 
-18, 
-58, 
-38, 
-2, 
-8, 
-6, 
-26, 
-62, 
-30, 
-28, 
22, 
-20, 
-34, 
-22, 
-24, 
24, 
-50, 
0, 
0, 
-4, 
-16, 
-22, 
-58, 
-2, 
-38, 
-16, 
-34, 
-8, 
8, 
-36, 
-14, 
-10, 
0, 
-52, 
-26, 
-22, 
-6, 
-26, 
-12, 
-32, 
0, 
-8, 
-26, 
-22, 
-10, 
8, 
-34, 
-12, 
-8, 
-16, 
-10, 
-12, 
-12, 
-38, 
-66, 
-22, 
-38, 
-16, 
-30, 
-36, 
-10, 
-52, 
-58, 
-16, 
8, 
-26, 
16, 
12, 
-36, 
22, 
-30, 
-10, 
-42, 
14, 
-34, 
-40, 
-18, 
-48, 
-4, 
-28, 
-30, 
-58, 
-24, 
-4, 
-14, 
-16, 
-6, 
6, 
-24, 
-18, 
-42, 
-30, 
-42, 
-26, 
-38, 
-46, 
-22, 
-10, 
8, 
-24, 
-34, 
-12, 
-22, 
-52, 
-24, 
-18, 
16, 
-12, 
-32, 
0, 
0, 
-22, 
-26, 
-22, 
-34, 
-42, 
-36, 
-42, 
-32, 
24, 
-38, 
-52, 
-68, 
-26, 
-38, 
-18, 
-8, 
-10, 
-26, 
-6, 
-8, 
-18, 
-34, 
-34, 
6, 
-24, 
-14, 
-22, 
-24, 
-12, 
-12, 
-42, 
-30, 
-42, 
-34, 
-12, 
-24, 
-32, 
-22, 
-58, 
-54, 
0, 
-24, 
-20, 
-12, 
-16, 
-24, 
-30, 
-14, 
-44, 
-24, 
-42, 
-28, 
-30, 
0, 
-20, 
-4, 
16, 
-22, 
-74, 
26, 
28, 
-8, 
-40, 
8, 
-32, 
-56, 
-32, 
-36, 
-90, 
-48, 
16, 
-56, 
-36, 
-22, 
-26, 
-20, 
-36, 
-32, 
12, 
-2, 
-28, 
12, 
-4, 
-28, 
-52, 
-56, 
-24, 
-42, 
-22, 
-42, 
-58, 
-44, 
4, 
-34, 
-34, 
-38, 
-54, 
-32, 
-44, 
-16, 
-16, 
-16, 
16, 
-24, 
4, 
24, 
-4, 
-20, 
-44, 
-36, 
-40, 
-22, 
-34, 
-12, 
-16, 
-48, 
-10, 
26, 
-16, 
-44, 
-28, 
-30, 
-10, 
-16, 
-12, 
-52, 
-82, 
-56, 
-26, 
0, 
-26, 
-36, 
-30, 
-42, 
-36, 
-12, 
14, 
-12, 
-36, 
-26, 
-70, 
-4, 
-2, 
-50, 
-26, 
-24, 
-6, 
-38, 
-22, 
-34, 
-24, 
-20, 
-42, 
-18, 
-48, 
-22, 
-4, 
0, 
8, 
12, 
-10, 
6, 
-54, 
-8, 
26, 
-2, 
-10, 
-18, 
-26, 
-34, 
-40, 
-32, 
-22, 
-22, 
-44, 
-10, 
0, 
20, 
-8, 
-18, 
-6, 
-10, 
-18, 
-28, 
-12, 
16, 
-62, 
-30, 
-18, 
-40, 
-16, 
-28, 
-56, 
-22, 
-18, 
14, 
-20, 
-10, 
-8, 
22, 
14, 
-10, 
-42, 
-18, 
-28, 
0, 
-18, 
-50, 
-16, 
-18, 
-4, 
-16, 
-18, 
-18, 
-20, 
-12, 
-32, 
2, 
-18, 
10, 
28, 
-18, 
-4, 
-24, 
-20, 
-6, 
16, 
-24, 
16, 
-66, 
-16, 
-26, 
-16, 
-20, 
-50, 
-20, 
-34, 
-28, 
-16, 
2, 
0, 
-16, 
-14, 
-38, 
-12, 
-18, 
-24, 
-44, 
-50, 
-54, 
-20, 
-10, 
-34, 
-20, 
8, 
-50, 
-30, 
4, 
-14, 
-48, 
-38, 
-8, 
-38, 
-14, 
-10, 
-18, 
-4, 
-28, 
-10, 
-68, 
-22, 
-34, 
-34, 
-2, 
-16, 
10, 
-36, 
-42, 
-12, 
-26, 
-48, 
-26, 
20, 
-26, 
-48, 
-6, 
-4, 
-34, 
-66, 
-18, 
-28, 
-24, 
-12, 
-66, 
-36, 
0, 
-20, 
-48, 
-30, 
-18, 
-28, 
2, 
-18, 
-16, 
24, 
-10, 
-32, 
-24, 
-54, 
-36, 
-4, 
-60, 
-30, 
-50, 
2, 
-12, 
-30, 
10, 
-22, 
-16, 
-2, 
-18, 
6, 
-24, 
0, 
-24, 
-6, 
-22, 
2, 
-20, 
-52, 
-94, 
-54, 
-48, 
-14, 
-2, 
-26, 
-16, 
-26, 
-4, 
-18, 
-2, 
-46, 
-24, 
-30, 
-18, 
-54, 
8, 
-40, 
-40, 
-38, 
-24, 
-34, 
-34, 
-38, 
-16, 
-38, 
-12, 
-2, 
-4, 
-42, 
-2, 
-2, 
-34, 
-32, 
-28, 
-32, 
-20, 
-2, 
2, 
0, 
2, 
-42, 
-34, 
-12, 
-46, 
-6, 
-16, 
-74, 
-24, 
-30, 
-10, 
-16, 
-8, 
-4, 
-24, 
-38, 
-6, 
-10, 
-34, 
-10, 
-34, 
-28, 
12, 
-50, 
-22, 
-46, 
30, 
-14, 
-16, 
-16, 
12, 
-14, 
-24, 
-50, 
-42, 
-60, 
-26, 
12, 
0, 
-6, 
-22, 
-62, 
-94, 
-30, 
4, 
-56, 
-8, 
-24, 
-2, 
-46, 
-26, 
-12, 
-10, 
-66, 
-28, 
-44, 
-18, 
-26, 
-16, 
-34, 
-34, 
-16, 
-12, 
-44, 
-56, 
-26, 
-36, 
-22, 
16, 
-36, 
-26, 
-20, 
-14, 
-44, 
16, 
-28, 
-22, 
-28, 
-24, 
-24, 
-50, 
-38, 
-64, 
-38, 
-34, 
-18, 
-30, 
-46, 
-12, 
-16, 
2, 
0, 
-4, 
-12, 
-42, 
-14, 
-38, 
-38, 
-14, 
-16, 
-34, 
-52, 
-34, 
-44, 
-36, 
-28, 
-42, 
-44, 
-42, 
6, 
16, 
-28, 
8, 
-10, 
0, 
-22, 
10, 
-16, 
-34, 
14, 
-26, 
-10, 
-54, 
-12, 
-38, 
16, 
-40, 
-8, 
-18, 
-28, 
12, 
0, 
-20, 
12, 
0, 
-10, 
18, 
-32, 
-68, 
-24, 
-32, 
-24, 
-50, 
-70, 
22, 
-6, 
-18, 
-38, 
-16, 
14, 
-16, 
4, 
-22, 
0, 
2, 
-38, 
-38, 
-20, 
-34, 
-40, 
36, 
38, 
200, 
296, 
-744, 
-1428, 
-182, 
1550, 
1344, 
-360, 
-408, 
-204, 
-108, 
-36, 
118, 
222, 
-298, 
-1386, 
-714, 
1294, 
1390, 
16, 
-466, 
-332, 
-156, 
8, 
124, 
192, 
302, 
-1386, 
-1100, 
806, 
1488, 
476, 
-442, 
-346, 
-170, 
-40, 
62, 
196, 
550, 
-1088, 
-1304, 
12, 
1408, 
1042, 
-282, 
-380, 
-242, 
-106, 
-34, 
186, 
440, 
-448, 
-1302, 
-698, 
1262, 
1296, 
-2, 
-384, 
-276, 
-160, 
-48, 
132, 
230, 
152, 
-1306, 
-1130, 
898, 
1368, 
374, 
-346, 
-322, 
-210, 
-78, 
20, 
80, 
572, 
-1228, 
-1298, 
224, 
1336, 
812, 
-234, 
-372, 
-282, 
-154, 
-30, 
128, 
632, 
-846, 
-1272, 
-512, 
1298, 
1110, 
-24, 
-316, 
-290, 
-202, 
-140, 
98, 
480, 
-156, 
-1158, 
-1068, 
1006, 
1292, 
282, 
-320, 
-298, 
-200, 
-106, 
130, 
160, 
506, 
-1006, 
-1356, 
412, 
1338, 
642, 
-190, 
-248, 
-212, 
-120, 
60, 
56, 
760, 
-818, 
-1384, 
-288, 
1208, 
996, 
-10, 
-318, 
-288, 
-176, 
-86, 
14, 
730, 
-344, 
-1190, 
-964, 
926, 
1230, 
276, 
-272, 
-270, 
-276, 
-204, 
54, 
338, 
190, 
-986, 
-1412, 
470, 
1314, 
584, 
-192, 
-274, 
-302, 
-220, 
-2, 
6, 
648, 
-770, 
-1510, 
-106, 
1258, 
882, 
-46, 
-312, 
-342, 
-242, 
-82, 
-60, 
782, 
-374, 
-1256, 
-722, 
970, 
1132, 
208, 
-244, 
-312, 
-232, 
-156, 
-16, 
626, 
32, 
-976, 
-1298, 
536, 
1260, 
520, 
-138, 
-232, 
-280, 
-230, 
32, 
292, 
526, 
-632, 
-1526, 
-36, 
1228, 
832, 
-34, 
-174, 
-310, 
-282, 
8, 
-60, 
804, 
-276, 
-1426, 
-620, 
958, 
1100, 
242, 
-194, 
-318, 
-260, 
-98, 
-180, 
764, 
-6, 
-1076, 
-1188, 
538, 
1196, 
476, 
-130, 
-302, 
-234, 
-282, 
-94, 
492, 
386, 
-638, 
-1504, 
48, 
1212, 
758, 
0, 
-242, 
-302, 
-398, 
-36, 
88, 
666, 
-224, 
-1512, 
-554, 
972, 
1006, 
194, 
-138, 
-324, 
-392, 
-34, 
-134, 
798, 
118, 
-1204, 
-1048, 
600, 
1162, 
426, 
-90, 
-280, 
-310, 
-96, 
-254, 
636, 
300, 
-750, 
-1406, 
126, 
1160, 
724, 
30, 
-240, 
-238, 
-276, 
-142, 
300, 
534, 
-268, 
-1488, 
-442, 
958, 
932, 
196, 
-132, 
-282, 
-420, 
-80, 
-32, 
696, 
138, 
-1294, 
-948, 
614, 
1056, 
400, 
-32, 
-306, 
-458, 
-78, 
-292, 
652, 
424, 
-880, 
-1330, 
164, 
1066, 
640, 
100, 
-266, 
-332, 
-232, 
-314, 
464, 
560, 
-352, 
-1480, 
-362, 
910, 
818, 
170, 
-208, 
-260, 
-380, 
-202, 
142, 
624, 
114, 
-1394, 
-816, 
696, 
1002, 
336, 
-56, 
-198, 
-446, 
-98, 
-158, 
624, 
444, 
-1012, 
-1222, 
268, 
1004, 
570, 
168, 
-192, 
-432, 
-142, 
-346, 
548, 
634, 
-480, 
-1426, 
-214, 
912, 
782, 
270, 
-164, 
-340, 
-268, 
-442, 
254, 
670, 
54, 
-1376, 
-714, 
666, 
906, 
372, 
-54, 
-206, 
-438, 
-258, 
-66, 
614, 
438, 
-1066, 
-1170, 
292, 
976, 
494, 
126, 
-106, 
-502, 
-178, 
-346, 
526, 
680, 
-574, 
-1402, 
-158, 
912, 
680, 
304, 
-64, 
-466, 
-188, 
-464, 
320, 
678, 
18, 
-1458, 
-646, 
646, 
848, 
434, 
10, 
-298, 
-328, 
-408, 
36, 
618, 
454, 
-1150, 
-1062, 
292, 
894, 
504, 
108, 
-122, 
-482, 
-290, 
-234, 
492, 
718, 
-706, 
-1356, 
-124, 
898, 
666, 
238, 
-10, 
-494, 
-206, 
-436, 
350, 
780, 
-76, 
-1414, 
-582, 
664, 
758, 
410, 
80, 
-340, 
-254, 
-464, 
94, 
698, 
446, 
-1162, 
-996, 
318, 
840, 
536, 
110, 
-134, 
-380, 
-414, 
-202, 
508, 
750, 
-692, 
-1316, 
-118, 
840, 
638, 
220, 
42, 
-438, 
-288, 
-394, 
286, 
806, 
-92, 
-1386, 
-540, 
664, 
710, 
350, 
178, 
-422, 
-244, 
-540, 
78, 
748, 
396, 
-1186, 
-992, 
350, 
786, 
512, 
170, 
-238, 
-306, 
-458, 
-138, 
586, 
720, 
-748, 
-1256, 
-80, 
768, 
648, 
218, 
-4, 
-370, 
-382, 
-372, 
296, 
868, 
-138, 
-1318, 
-530, 
660, 
680, 
328, 
170, 
-402, 
-318, 
-540, 
112, 
778, 
346, 
-1192, 
-938, 
374, 
718, 
500, 
252, 
-290, 
-204, 
-558, 
-146, 
620, 
750, 
-818, 
-1216, 
-24, 
674, 
618, 
320, 
-86, 
-286, 
-424, 
-332, 
322, 
882, 
-242, 
-1302, 
-528, 
566, 
690, 
366, 
166, 
-326, 
-370, 
-528, 
96, 
850, 
368, 
-1144, 
-920, 
300, 
698, 
430, 
280, 
-328, 
-222, 
-580, 
-162, 
656, 
742, 
-764, 
-1168, 
12, 
654, 
544, 
382, 
-86, 
-224, 
-572, 
-344, 
374, 
892, 
-310, 
-1264, 
-404, 
540, 
690, 
366, 
96, 
-248, 
-402, 
-466, 
124, 
892, 
262, 
-1156, 
-850, 
286, 
686, 
396, 
300, 
-276, 
-298, 
-550, 
-130, 
692, 
706, 
-790, 
-1114, 
-18, 
632, 
494, 
428, 
-138, 
-212, 
-558, 
-368, 
412, 
930, 
-322, 
-1248, 
-366, 
496, 
572, 
462, 
84, 
-176, 
-482, 
-480, 
122, 
906, 
210, 
-1108, 
-736, 
282, 
628, 
446, 
242, 
-210, 
-360, 
-560, 
-154, 
714, 
632, 
-840, 
-1074, 
-4, 
646, 
456, 
450, 
-114, 
-262, 
-570, 
-342, 
446, 
908, 
-340, 
-1242, 
-320, 
506, 
506, 
488, 
-66, 
-154, 
-502, 
-484, 
162, 
940, 
112, 
-1112, 
-622, 
270, 
574, 
512, 
228, 
-126, 
-398, 
-592, 
-108, 
764, 
546, 
-842, 
-952, 
10, 
554, 
448, 
386, 
-92, 
-254, 
-622, 
-390, 
514, 
874, 
-434, 
-1150, 
-310, 
478, 
476, 
492, 
-36, 
-180, 
-572, 
-484, 
198, 
940, 
56, 
-1126, 
-628, 
310, 
480, 
558, 
180, 
-90, 
-468, 
-574, 
-70, 
860, 
520, 
-924, 
-902, 
-4, 
474, 
480, 
340, 
-58, 
-276, 
-574, 
-372, 
598, 
836, 
-488, 
-1048, 
-278, 
428, 
476, 
488, 
80, 
-122, 
-582, 
-518, 
280, 
948, 
16, 
-1086, 
-566, 
322, 
374, 
558, 
124, 
-54, 
-492, 
-610, 
-28, 
934, 
442, 
-938, 
-810, 
116, 
436, 
538, 
288, 
-40, 
-336, 
-594, 
-296, 
684, 
758, 
-570, 
-1058, 
-216, 
386, 
460, 
466, 
106, 
-202, 
-622, 
-512, 
370, 
936, 
-66, 
-1056, 
-516, 
258, 
398, 
506, 
128, 
-40, 
-472, 
-604, 
-2, 
946, 
406, 
-946, 
-772, 
106, 
324, 
560, 
288, 
40, 
-352, 
-662, 
-282, 
748, 
762, 
-622, 
-978, 
-122, 
316, 
464, 
406, 
128, 
-258, 
-596, 
-496, 
430, 
958, 
-148, 
-1046, 
-498, 
238, 
352, 
490, 
202, 
-80, 
-530, 
-650, 
88, 
978, 
320, 
-876, 
-738, 
138, 
284, 
552, 
304, 
62, 
-374, 
-656, 
-282, 
778, 
706, 
-646, 
-922, 
-22, 
214, 
470, 
346, 
174, 
-234, 
-628, 
-520, 
474, 
942, 
-232, 
-986, 
-398, 
220, 
454, 
438, 
208, 
-52, 
-506, 
-704, 
108, 
1008, 
224, 
-874, 
-702, 
102, 
294, 
522, 
310, 
66, 
-422, 
-706, 
-212, 
830, 
682, 
-620, 
-882, 
-44, 
186, 
460, 
342, 
208, 
-246, 
-678, 
-532, 
544, 
926, 
-240, 
-972, 
-332, 
134, 
408, 
402, 
254, 
-78, 
-514, 
-682, 
188, 
954, 
176, 
-832, 
-634, 
88, 
280, 
492, 
318, 
78, 
-418, 
-758, 
-176, 
910, 
584, 
-616, 
-878, 
-36, 
186, 
460, 
350, 
206, 
-234, 
-716, 
-484, 
626, 
874, 
-278, 
-998, 
-294, 
78, 
430, 
380, 
288, 
-76, 
-578, 
-678, 
230, 
1004, 
140, 
-890, 
-538, 
12, 
292, 
436, 
318, 
50, 
-420, 
-776, 
-162, 
914, 
508, 
-608, 
-750, 
-66, 
178, 
448, 
340, 
192, 
-256, 
-722, 
-464, 
670, 
870, 
-272, 
-908, 
-272, 
66, 
408, 
404, 
336, 
-114, 
-594, 
-666, 
312, 
968, 
110, 
-866, 
-450, 
-20, 
298, 
430, 
384, 
74, 
-444, 
-804, 
-100, 
930, 
522, 
-660, 
-714, 
-134, 
168, 
432, 
402, 
188, 
-256, 
-764, 
-464, 
686, 
764, 
-300, 
-848, 
-272, 
30, 
386, 
350, 
270, 
-94, 
-658, 
-664, 
360, 
900, 
44, 
-876, 
-424, 
-82, 
322, 
382, 
370, 
80, 
-436, 
-808, 
-36, 
928, 
500, 
-714, 
-628, 
-126, 
142, 
374, 
400, 
168, 
-266, 
-796, 
-366, 
748, 
758, 
-320, 
-736, 
-252, 
16, 
370, 
396, 
310, 
-90, 
-658, 
-688, 
396, 
890, 
46, 
-834, 
-426, 
-96, 
284, 
364, 
382, 
78, 
-512, 
-854, 
48, 
918, 
408, 
-714, 
-576, 
-206, 
150, 
344, 
402, 
184, 
-304, 
-838, 
-328, 
776, 
704, 
-400, 
-662, 
-288, 
62, 
338, 
388, 
310, 
-80, 
-686, 
-682, 
470, 
898, 
-24, 
-746, 
-380, 
-124, 
304, 
420, 
350, 
76, 
-558, 
-864, 
68, 
916, 
382, 
-666, 
-480, 
-226, 
130, 
334, 
448, 
208, 
-314, 
-916, 
-282, 
766, 
730, 
-414, 
-602, 
-286, 
36, 
262, 
430, 
346, 
-86, 
-748, 
-632, 
536, 
840, 
-66, 
-696, 
-366, 
-102, 
200, 
388, 
392, 
86, 
-580, 
-842, 
160, 
864, 
324, 
-642, 
-514, 
-198, 
192, 
334, 
452, 
240, 
-344, 
-928, 
-218, 
780, 
674, 
-438, 
-560, 
-326, 
14, 
298, 
440, 
360, 
-130, 
-802, 
-582, 
548, 
846, 
-128, 
-590, 
-430, 
-82, 
190, 
372, 
404, 
82, 
-590, 
-808, 
240, 
902, 
232, 
-598, 
-412, 
-166, 
126, 
334, 
416, 
278, 
-346, 
-944, 
-140, 
806, 
606, 
-498, 
-546, 
-326, 
52, 
292, 
406, 
310, 
-118, 
-844, 
-496, 
594, 
854, 
-160, 
-572, 
-398, 
-116, 
146, 
370, 
398, 
78, 
-684, 
-798, 
296, 
912, 
186, 
-574, 
-420, 
-224, 
54, 
304, 
472, 
276, 
-414, 
-950, 
-78, 
834, 
506, 
-440, 
-496, 
-314, 
-30, 
224, 
406, 
386, 
-154, 
-860, 
-458, 
638, 
808, 
-248, 
-500, 
-396, 
-118, 
158, 
374, 
480, 
44, 
-736, 
-742, 
308, 
926, 
86, 
-500, 
-428, 
-202, 
94, 
360, 
432, 
248, 
-466, 
-928, 
-34, 
884, 
462, 
-400, 
-464, 
-322, 
-38, 
206, 
464, 
372, 
-180, 
-922, 
-382, 
664, 
722, 
-228, 
-488, 
-372, 
-114, 
128, 
374, 
424, 
120, 
-826, 
-694, 
352, 
902, 
44, 
-462, 
-444, 
-176, 
30, 
296, 
458, 
276, 
-506, 
-880, 
8, 
856, 
338, 
-374, 
-458, 
-272, 
-30, 
246, 
476, 
378, 
-220, 
-930, 
-366, 
720, 
698, 
-228, 
-468, 
-368, 
-126, 
104, 
402, 
438, 
58, 
-850, 
-688, 
420, 
880, 
52, 
-384, 
-434, 
-202, 
38, 
312, 
490, 
278, 
-612, 
-864, 
30, 
892, 
294, 
-338, 
-470, 
-276, 
-30, 
242, 
438, 
402, 
-294, 
-924, 
-318, 
728, 
612, 
-212, 
-464, 
-378, 
-118, 
90, 
370, 
464, 
-10, 
-872, 
-628, 
464, 
830, 
38, 
-384, 
-430, 
-200, 
16, 
352, 
490, 
306, 
-636, 
-848, 
94, 
856, 
276, 
-306, 
-466, 
-292, 
-84, 
202, 
444, 
446, 
-312, 
-924, 
-258, 
702, 
536, 
-150, 
-408, 
-352, 
-176, 
76, 
394, 
504, 
12, 
-852, 
-642, 
522, 
778, 
-2, 
-402, 
-404, 
-248, 
-4, 
344, 
516, 
250, 
-668, 
-792, 
162, 
802, 
244, 
-286, 
-388, 
-306, 
-142, 
218, 
424, 
462, 
-348, 
-890, 
-214, 
750, 
524, 
-176, 
-394, 
-346, 
-196, 
94, 
364, 
534, 
-52, 
-890, 
-582, 
530, 
708, 
12, 
-344, 
-360, 
-224, 
-28, 
284, 
500, 
238, 
-694, 
-800, 
232, 
786, 
210, 
-300, 
-370, 
-258, 
-124, 
188, 
462, 
452, 
-472, 
-946, 
-198, 
798, 
458, 
-154, 
-394, 
-338, 
-198, 
74, 
374, 
528, 
-66, 
-888, 
-518, 
574, 
644, 
50, 
-350, 
-370, 
-284, 
-50, 
280, 
532, 
230, 
-654, 
-780, 
266, 
776, 
214, 
-256, 
-384, 
-322, 
-158, 
198, 
528, 
470, 
-462, 
-944, 
-146, 
748, 
430, 
-146, 
-390, 
-350, 
-258, 
30, 
374, 
570, 
-132, 
-898, 
-464, 
634, 
556, 
24, 
-348, 
-320, 
-282, 
-80, 
314, 
570, 
168, 
-744, 
-770, 
356, 
724, 
206, 
-232, 
-370, 
-288, 
-150, 
174, 
558, 
460, 
-506, 
-914, 
-38, 
714, 
344, 
-94, 
-342, 
-320, 
-272, 
48, 
426, 
572, 
-184, 
-938, 
-374, 
610, 
538, 
-4, 
-296, 
-320, 
-300, 
-66, 
340, 
636, 
128, 
-746, 
-714, 
374, 
656, 
196, 
-208, 
-328, 
-342, 
-186, 
166, 
560, 
420, 
-518, 
-916, 
64, 
716, 
404, 
-94, 
-334, 
-358, 
-240, 
6, 
438, 
562, 
-226, 
-934, 
-366, 
620, 
502, 
26, 
-264, 
-310, 
-316, 
-94, 
294, 
642, 
124, 
-806, 
-682, 
406, 
646, 
158, 
-232, 
-316, 
-338, 
-194, 
132, 
572, 
408, 
-588, 
-874, 
90, 
714, 
324, 
-90, 
-308, 
-306, 
-274, 
8, 
470, 
582, 
-228, 
-952, 
-270, 
598, 
464, 
40, 
-222, 
-340, 
-308, 
-118, 
332, 
654, 
94, 
-832, 
-658, 
456, 
580, 
190, 
-216, 
-296, 
-372, 
-216, 
144, 
614, 
378, 
-596, 
-890, 
140, 
628, 
274, 
-96, 
-294, 
-354, 
-296, 
32, 
480, 
592, 
-286, 
-966, 
-208, 
550, 
470, 
32, 
-228, 
-332, 
-364, 
-146, 
296, 
652, 
22, 
-874, 
-572, 
454, 
566, 
176, 
-166, 
-286, 
-302, 
-212, 
172, 
646, 
356, 
-606, 
-822, 
188, 
590, 
288, 
-58, 
-258, 
-372, 
-280, 
-30, 
542, 
566, 
-298, 
-932, 
-156, 
574, 
488, 
48, 
-194, 
-328, 
-352, 
-160, 
400, 
660, 
14, 
-922, 
-512, 
446, 
534, 
180, 
-132, 
-270, 
-366, 
-234, 
154, 
680, 
354, 
-648, 
-756, 
162, 
608, 
302, 
-154, 
-230, 
-348, 
-312, 
-70, 
538, 
520, 
-322, 
-906, 
-114, 
556, 
442, 
54, 
-218, 
-356, 
-366, 
-162, 
388, 
654, 
-2, 
-878, 
-512, 
426, 
528, 
192, 
-126, 
-276, 
-408, 
-288, 
172, 
662, 
290, 
-656, 
-762, 
222, 
550, 
276, 
-80, 
-226, 
-336, 
-336, 
-54, 
530, 
522, 
-346, 
-914, 
-88, 
530, 
438, 
36, 
-146, 
-304, 
-366, 
-180, 
416, 
650, 
-28, 
-898, 
-450, 
426, 
518, 
138, 
-114, 
-282, 
-384, 
-302, 
178, 
672, 
306, 
-688, 
-672, 
226, 
506, 
318, 
-4, 
-216, 
-352, 
-386, 
-32, 
588, 
592, 
-426, 
-908, 
-102, 
502, 
392, 
78, 
-130, 
-300, 
-368, 
-238, 
400, 
692, 
-40, 
-882, 
-376, 
412, 
496, 
192, 
-98, 
-258, 
-370, 
-372, 
158, 
660, 
286, 
-744, 
-668, 
218, 
528, 
270, 
-40, 
-210, 
-380, 
-400, 
-38, 
592, 
566, 
-422, 
-832, 
-48, 
490, 
376, 
80, 
-146, 
-272, 
-414, 
-214, 
406, 
696, 
-58, 
-884, 
-328, 
396, 
468, 
168, 
-46, 
-270, 
-400, 
-396, 
196, 
696, 
318, 
-782, 
-600, 
222, 
494, 
244, 
6, 
-204, 
-362, 
-424, 
-40, 
612, 
522, 
-412, 
-794, 
26, 
488, 
318, 
88, 
-142, 
-300, 
-432, 
-244, 
432, 
676, 
-80, 
-844, 
-290, 
414, 
446, 
168, 
-22, 
-250, 
-418, 
-352, 
220, 
700, 
246, 
-768, 
-554, 
224, 
452, 
272, 
30, 
-192, 
-366, 
-486, 
-40, 
632, 
524, 
-490, 
-756, 
12, 
452, 
302, 
84, 
-56, 
-290, 
-496, 
-264, 
464, 
688, 
-142, 
-856, 
-240, 
386, 
398, 
162, 
-44, 
-226, 
-442, 
-416, 
240, 
702, 
204, 
-788, 
-514, 
222, 
412, 
264, 
64, 
-140, 
-394, 
-504, 
-24, 
660, 
514, 
-540, 
-744, 
36, 
470, 
288, 
126, 
-72, 
-292, 
-486, 
-254, 
478, 
678, 
-192, 
-802, 
-234, 
352, 
384, 
192, 
32, 
-252, 
-448, 
-404, 
264, 
736, 
184, 
-752, 
-462, 
276, 
448, 
224, 
72, 
-148, 
-390, 
-534, 
-30, 
646, 
482, 
-604, 
-660, 
96, 
448, 
270, 
134, 
-76, 
-276, 
-538, 
-256, 
532, 
686, 
-240, 
-812, 
-202, 
382, 
362, 
160, 
-6, 
-206, 
-472, 
-428, 
246, 
742, 
142, 
-784, 
-476, 
236, 
400, 
270, 
104, 
-144, 
-384, 
-574, 
-16, 
662, 
462, 
-588, 
-640, 
36, 
412, 
286, 
126, 
-82, 
-294, 
-560, 
-256, 
534, 
674, 
-266, 
-768, 
-160, 
384, 
330, 
170, 
12, 
-210, 
-512, 
-450, 
246, 
762, 
90, 
-748, 
-448, 
264, 
400, 
276, 
106, 
-98, 
-400, 
-550, 
-32, 
698, 
434, 
-580, 
-600, 
46, 
380, 
284, 
118, 
-46, 
-288, 
-626, 
-278, 
518, 
672, 
-294, 
-734, 
-160, 
310, 
394, 
174, 
22, 
-168, 
-540, 
-462, 
254, 
726, 
26, 
-730, 
-398, 
210, 
380, 
264, 
112, 
-106, 
-424, 
-606, 
-50, 
678, 
418, 
-566, 
-582, 
62, 
360, 
304, 
144, 
-16, 
-318, 
-612, 
-286, 
564, 
676, 
-292, 
-726, 
-154, 
280, 
338, 
204, 
14, 
-148, 
-582, 
-428, 
292, 
784, 
48, 
-700, 
-400, 
236, 
358, 
254, 
106, 
-60, 
-418, 
-606, 
-30, 
714, 
364, 
-544, 
-560, 
50, 
380, 
320, 
168, 
0, 
-290, 
-600, 
-262, 
574, 
676, 
-302, 
-698, 
-128, 
318, 
320, 
218, 
60, 
-148, 
-532, 
-464, 
254, 
750, 
16, 
-708, 
-326, 
222, 
344, 
288, 
102, 
-62, 
-454, 
-610, 
-18, 
692, 
360, 
-588, 
-532, 
78, 
296, 
314, 
194, 
20, 
-308, 
-660, 
-244, 
544, 
620, 
-328, 
-640, 
-126, 
270, 
296, 
214, 
58, 
-134, 
-562, 
-490, 
294, 
748, 
-2, 
-660, 
-340, 
182, 
328, 
266, 
148, 
-16, 
-466, 
-644, 
-10, 
722, 
290, 
-506, 
-506, 
58, 
316, 
280, 
202, 
86, 
-298, 
-670, 
-292, 
594, 
584, 
-324, 
-630, 
-92, 
298, 
300, 
190, 
142, 
-148, 
-620, 
-518, 
320, 
742, 
-16, 
-660, 
-302, 
178, 
288, 
238, 
160, 
22, 
-480, 
-658, 
-30, 
758, 
292, 
-534, 
-482, 
20, 
270, 
288, 
182, 
34, 
-322, 
-676, 
-298, 
570, 
548, 
-340, 
-580, 
-54, 
250, 
306, 
208, 
130, 
-154, 
-624, 
-538, 
344, 
732, 
-66, 
-664, 
-284, 
156, 
274, 
250, 
168, 
-28, 
-498, 
-678, 
44, 
752, 
262, 
-548, 
-400, 
82, 
268, 
294, 
190, 
96, 
-342, 
-726, 
-318, 
626, 
540, 
-366, 
-560, 
-58, 
230, 
278, 
222, 
178, 
-128, 
-644, 
-536, 
344, 
706, 
-92, 
-608, 
-248, 
134, 
314, 
208, 
190, 
-18, 
-508, 
-690, 
78, 
756, 
214, 
-576, 
-384, 
86, 
278, 
256, 
178, 
120, 
-328, 
-748, 
-260, 
626, 
488, 
-368, 
-506, 
-74, 
202, 
268, 
198, 
162, 
-144, 
-692, 
-506, 
420, 
662, 
-132, 
-574, 
-200, 
188, 
288, 
264, 
186, 
-20, 
-562, 
-720, 
136, 
696, 
146, 
-528, 
-356, 
116, 
274, 
242, 
208, 
122, 
-326, 
-756, 
-224, 
650, 
462, 
-362, 
-496, 
-54, 
224, 
218, 
208, 
192, 
-176, 
-696, 
-514, 
440, 
636, 
-130, 
-524, 
-158, 
182, 
260, 
196, 
246, 
-12, 
-548, 
-692, 
110, 
726, 
152, 
-522, 
-344, 
78, 
246, 
288, 
266, 
126, 
-352, 
-768, 
-198, 
618, 
412, 
-380, 
-438, 
-28, 
218, 
226, 
220, 
210, 
-204, 
-734, 
-480, 
456, 
624, 
-164, 
-524, 
-124, 
144, 
224, 
244, 
206, 
18, 
-578, 
-702, 
160, 
708, 
128, 
-504, 
-318, 
32, 
254, 
244, 
246, 
148, 
-382, 
-808, 
-172, 
594, 
400, 
-368, 
-416, 
4, 
214, 
228, 
244, 
218, 
-212, 
-742, 
-530, 
474, 
576, 
-178, 
-530, 
-134, 
146, 
184, 
258, 
260, 
6, 
-560, 
-726, 
118, 
676, 
128, 
-474, 
-274, 
58, 
176, 
208, 
268, 
170, 
-376, 
-806, 
-186, 
602, 
364, 
-352, 
-390, 
-10, 
206, 
232, 
244, 
248, 
-226, 
-770, 
-488, 
428, 
584, 
-174, 
-472, 
-150, 
142, 
262, 
244, 
276, 
-4, 
-608, 
-704, 
172, 
672, 
108, 
-462, 
-234, 
84, 
208, 
214, 
260, 
190, 
-424, 
-850, 
-166, 
662, 
344, 
-420, 
-368, 
-50, 
158, 
218, 
256, 
258, 
-192, 
-800, 
-490, 
460, 
532, 
-168, 
-386, 
-120, 
128, 
198, 
232, 
268, 
32, 
-674, 
-708, 
170, 
656, 
56, 
-416, 
-272, 
46, 
208, 
246, 
326, 
190, 
-428, 
-854, 
-102, 
626, 
284, 
-424, 
-326, 
0, 
174, 
192, 
274, 
306, 
-196, 
-832, 
-454, 
426, 
530, 
-174, 
-358, 
-122, 
116, 
216, 
218, 
326, 
30, 
-672, 
-722, 
216, 
628, 
40, 
-402, 
-236, 
78, 
190, 
182, 
306, 
190, 
-464, 
-846, 
-58, 
630, 
266, 
-364, 
-322, 
-6, 
166, 
186, 
250, 
254, 
-204, 
-850, 
-468, 
446, 
500, 
-224, 
-386, 
-134, 
158, 
186, 
270, 
350, 
0, 
-770, 
-732, 
208, 
622, 
14, 
-410, 
-178, 
62, 
150, 
208, 
310, 
208, 
-448, 
-860, 
-70, 
586, 
250, 
-340, 
-296, 
0, 
164, 
202, 
320, 
282, 
-236, 
-856, 
-444, 
474, 
448, 
-214, 
-374, 
-98, 
134, 
172, 
270, 
362, 
36, 
-730, 
-694, 
222, 
594, 
-6, 
-342, 
-170, 
74, 
154, 
166, 
320, 
210, 
-512, 
-900, 
-70, 
604, 
252, 
-318, 
-308, 
16, 
118, 
174, 
308, 
346, 
-220, 
-906, 
-394, 
446, 
388, 
-192, 
-328, 
-94, 
120, 
148, 
264, 
384, 
34, 
-782, 
-660, 
242, 
538, 
-42, 
-364, 
-158, 
94, 
84, 
170, 
348, 
206, 
-524, 
-880, 
-82, 
620, 
154, 
-308, 
-302, 
12, 
128, 
144, 
316, 
366, 
-250, 
-872, 
-426, 
504, 
398, 
-176, 
-312, 
-72, 
130, 
124, 
234, 
366, 
48, 
-786, 
-698, 
264, 
544, 
10, 
-338, 
-140, 
90, 
120, 
182, 
396, 
210, 
-560, 
-848, 
-66, 
550, 
156, 
-284, 
-216, 
34, 
84, 
130, 
306, 
358, 
-272, 
-900, 
-374, 
496, 
380, 
-172, 
-262, 
-54, 
78, 
128, 
254, 
416, 
-34, 
-818, 
-670, 
270, 
510, 
-24, 
-298, 
-114, 
66, 
96, 
210, 
414, 
238, 
-594, 
-846, 
16, 
532, 
150, 
-248, 
-198, 
26, 
90, 
126, 
350, 
374, 
-306, 
-900, 
-336, 
478, 
352, 
-172, 
-238, 
-22, 
96, 
118, 
236, 
428, 
10, 
-802, 
-678, 
252, 
462, 
-30, 
-318, 
-138, 
72, 
58, 
210, 
414, 
232, 
-600, 
-830, 
10, 
534, 
126, 
-262, 
-182, 
30, 
54, 
104, 
344, 
404, 
-332, 
-914, 
-310, 
448, 
328, 
-214, 
-290, 
-34, 
94, 
112, 
294, 
454, 
-2, 
-818, 
-618, 
294, 
450, 
-12, 
-250, 
-154, 
80, 
84, 
180, 
436, 
198, 
-636, 
-858, 
20, 
470, 
144, 
-254, 
-140, 
30, 
68, 
122, 
392, 
406, 
-320, 
-892, 
-338, 
458, 
274, 
-150, 
-220, 
-30, 
86, 
106, 
254, 
470, 
-26, 
-826, 
-588, 
270, 
398, 
14, 
-260, 
-70, 
52, 
40, 
216, 
476, 
212, 
-694, 
-822, 
38, 
474, 
128, 
-226, 
-132, 
46, 
66, 
110, 
408, 
428, 
-344, 
-912, 
-294, 
420, 
240, 
-158, 
-180, 
6, 
46, 
62, 
276, 
514, 
-82, 
-830, 
-580, 
310, 
404, 
-48, 
-242, 
-68, 
74, 
44, 
176, 
460, 
194, 
-704, 
-834, 
30, 
440, 
92, 
-208, 
-128, 
46, 
48, 
118, 
410, 
408, 
-402, 
-898, 
-256, 
440, 
296, 
-130, 
-198, 
-10, 
14, 
42, 
314, 
478, 
-80, 
-844, 
-560, 
284, 
348, 
-74, 
-214, 
-36, 
52, 
32, 
188, 
536, 
190, 
-704, 
-794, 
36, 
416, 
100, 
-202, 
-96, 
40, 
14, 
98, 
402, 
400, 
-396, 
-876, 
-224, 
398, 
244, 
-134, 
-144, 
20, 
48, 
34, 
330, 
510, 
-88, 
-896, 
-514, 
288, 
352, 
-44, 
-196, 
-46, 
54, 
32, 
226, 
526, 
194, 
-670, 
-788, 
50, 
394, 
80, 
-170, 
-54, 
36, 
16, 
120, 
430, 
408, 
-450, 
-890, 
-218, 
384, 
216, 
-116, 
-92, 
-10, 
36, 
48, 
364, 
544, 
-116, 
-874, 
-524, 
282, 
318, 
-92, 
-182, 
-26, 
44, 
22, 
186, 
516, 
218, 
-688, 
-758, 
40, 
368, 
84, 
-176, 
-78, 
10, 
30, 
92, 
462, 
398, 
-398, 
-890, 
-242, 
362, 
214, 
-100, 
-134, 
20, 
46, 
4, 
300, 
518, 
-70, 
-874, 
-514, 
250, 
338, 
-58, 
-148, 
8, 
70, 
-26, 
186, 
546, 
250, 
-686, 
-774, 
10, 
350, 
60, 
-128, 
-38, 
42, 
-10, 
