
-36, 
-12, 
-40, 
-32, 
-38, 
-26, 
-16, 
-52, 
-36, 
-16, 
-10, 
-40, 
-10, 
-20, 
-12, 
-18, 
-28, 
16, 
12, 
-4, 
-16, 
4, 
-32, 
-34, 
-30, 
-30, 
-24, 
-72, 
-2, 
-16, 
-10, 
-66, 
-12, 
-40, 
-8, 
-12, 
-6, 
16, 
-44, 
-8, 
-10, 
-28, 
-16, 
-12, 
-2, 
-32, 
-14, 
-20, 
-28, 
-42, 
-36, 
-36, 
-22, 
-12, 
-10, 
-8, 
-16, 
-16, 
-28, 
-18, 
-38, 
-16, 
-28, 
-20, 
-30, 
-36, 
-20, 
-24, 
2, 
-56, 
-6, 
4, 
10, 
-40, 
-26, 
-8, 
-24, 
-40, 
-62, 
-32, 
-20, 
-8, 
-22, 
-42, 
-38, 
16, 
-18, 
-14, 
-4, 
-2, 
8, 
-18, 
-44, 
16, 
8, 
-20, 
-52, 
-22, 
8, 
-20, 
-32, 
-10, 
-22, 
-16, 
-20, 
-28, 
-46, 
-18, 
-66, 
-18, 
24, 
-36, 
-32, 
-36, 
10, 
36, 
-64, 
-30, 
-36, 
-34, 
-16, 
-34, 
-24, 
-40, 
-12, 
-16, 
-54, 
-34, 
-12, 
-36, 
-32, 
-42, 
-42, 
-18, 
-38, 
-32, 
-2, 
-4, 
-24, 
-52, 
-34, 
-6, 
-38, 
-32, 
-4, 
-30, 
-34, 
-16, 
18, 
-16, 
-4, 
-34, 
-10, 
-48, 
-12, 
12, 
-40, 
-28, 
-8, 
-4, 
-34, 
-34, 
-32, 
-24, 
-18, 
-38, 
-26, 
-8, 
-16, 
2, 
-44, 
-26, 
-10, 
6, 
-6, 
-2, 
-16, 
-40, 
8, 
-44, 
-46, 
-44, 
-38, 
-40, 
-10, 
-24, 
-32, 
-30, 
6, 
-42, 
-26, 
-12, 
-4, 
-32, 
-46, 
-2, 
-34, 
-26, 
-36, 
-48, 
-20, 
-24, 
-30, 
-44, 
-46, 
-12, 
20, 
-24, 
-36, 
-24, 
-14, 
-6, 
-26, 
-18, 
-30, 
-16, 
-24, 
-40, 
-28, 
-42, 
-20, 
-42, 
14, 
-16, 
-34, 
-8, 
-24, 
-42, 
-4, 
-8, 
-26, 
-6, 
-46, 
-34, 
16, 
-14, 
4, 
-12, 
-42, 
-24, 
-32, 
-16, 
-40, 
-14, 
36, 
32, 
-20, 
-10, 
-16, 
-22, 
-12, 
-24, 
-30, 
-12, 
-30, 
-46, 
-14, 
-10, 
-26, 
-42, 
-34, 
-46, 
-40, 
-26, 
-12, 
14, 
-26, 
0, 
-66, 
-10, 
0, 
-2, 
-34, 
-12, 
-34, 
-28, 
-22, 
-22, 
-34, 
-6, 
-18, 
-26, 
-30, 
-10, 
-50, 
-26, 
-50, 
10, 
16, 
-40, 
-38, 
-14, 
-54, 
-50, 
-24, 
-22, 
-54, 
36, 
-46, 
-66, 
-18, 
-20, 
-26, 
-12, 
-28, 
32, 
-6, 
-18, 
-22, 
-28, 
-4, 
10, 
-26, 
-18, 
-50, 
-2, 
-8, 
0, 
-34, 
-50, 
-30, 
-12, 
-12, 
-28, 
-10, 
-16, 
-34, 
-20, 
-90, 
-46, 
-14, 
-20, 
4, 
-54, 
-20, 
-42, 
-18, 
-22, 
-44, 
-14, 
-16, 
-22, 
4, 
-42, 
-34, 
-26, 
-36, 
-22, 
-20, 
-14, 
-36, 
-52, 
-20, 
-14, 
-4, 
-22, 
-26, 
0, 
12, 
-20, 
-6, 
-44, 
-10, 
-46, 
-22, 
-12, 
2, 
-22, 
-28, 
-16, 
-18, 
-38, 
-54, 
-16, 
20, 
-38, 
-20, 
-26, 
-12, 
32, 
-26, 
-16, 
-24, 
6, 
-18, 
-22, 
-32, 
-52, 
-6, 
-18, 
-26, 
-36, 
0, 
-4, 
-24, 
-38, 
-20, 
-48, 
-26, 
-12, 
-12, 
-14, 
-6, 
-2, 
-14, 
-16, 
-38, 
-38, 
6, 
18, 
0, 
-42, 
-8, 
-34, 
-18, 
-28, 
-38, 
-14, 
-22, 
-16, 
-32, 
-60, 
-18, 
-18, 
-12, 
-30, 
-10, 
-50, 
-16, 
-10, 
-2, 
-8, 
-8, 
-36, 
-34, 
-16, 
-34, 
-28, 
-52, 
6, 
8, 
-16, 
-32, 
-12, 
0, 
-34, 
-42, 
-4, 
-28, 
-28, 
-56, 
-26, 
-12, 
-18, 
-2, 
-64, 
-24, 
-18, 
24, 
-50, 
-14, 
-6, 
-34, 
-20, 
-18, 
-18, 
-34, 
-12, 
-24, 
-20, 
-34, 
-32, 
-36, 
-56, 
-26, 
-38, 
-26, 
-26, 
-6, 
-14, 
-10, 
-40, 
10, 
-18, 
-30, 
-6, 
-8, 
-22, 
4, 
-26, 
-32, 
-24, 
-24, 
-14, 
-12, 
-34, 
-30, 
34, 
-10, 
-40, 
-6, 
2, 
-30, 
-20, 
-50, 
-24, 
-2, 
-6, 
-56, 
-36, 
-26, 
-16, 
-32, 
-16, 
-26, 
-36, 
-16, 
-16, 
-18, 
-6, 
8, 
-28, 
-6, 
-42, 
-6, 
-16, 
-42, 
-24, 
-26, 
-10, 
-16, 
-40, 
-32, 
-12, 
24, 
-26, 
-20, 
-6, 
-12, 
-18, 
-14, 
24, 
-26, 
-34, 
-16, 
-50, 
-22, 
-10, 
-6, 
-4, 
-18, 
-18, 
-12, 
-80, 
-24, 
-46, 
-24, 
-32, 
-12, 
-18, 
-36, 
-2, 
-6, 
-42, 
-18, 
-14, 
-20, 
-42, 
-18, 
-18, 
-44, 
-4, 
-4, 
-26, 
-22, 
-52, 
14, 
-4, 
16, 
-50, 
-2, 
-14, 
-4, 
-16, 
-22, 
-26, 
-34, 
-28, 
-8, 
-22, 
-20, 
-28, 
-48, 
4, 
-10, 
-36, 
-2, 
4, 
-54, 
-14, 
-22, 
0, 
-2, 
-12, 
-6, 
-72, 
-30, 
-2, 
10, 
-48, 
-18, 
-6, 
-34, 
-40, 
-2, 
24, 
-28, 
-16, 
-6, 
0, 
-16, 
-22, 
-24, 
-32, 
-16, 
-24, 
-24, 
-38, 
-50, 
-12, 
-24, 
-24, 
-2, 
8, 
-10, 
-4, 
-4, 
-26, 
-46, 
-14, 
-34, 
-20, 
-14, 
-28, 
-22, 
-36, 
-34, 
-36, 
-36, 
-32, 
-12, 
-32, 
-42, 
-30, 
-10, 
6, 
-36, 
-38, 
-16, 
-16, 
-46, 
-36, 
-4, 
-34, 
-16, 
-36, 
-4, 
-38, 
-40, 
-34, 
-26, 
10, 
-20, 
-34, 
-16, 
-4, 
-30, 
0, 
-38, 
-14, 
-16, 
-18, 
-2, 
-16, 
-34, 
-6, 
-16, 
-46, 
-36, 
-26, 
2, 
-50, 
-28, 
4, 
-18, 
-34, 
-30, 
-50, 
-36, 
-36, 
-22, 
-32, 
4, 
-26, 
-50, 
24, 
-14, 
-12, 
-56, 
-16, 
-22, 
-14, 
-12, 
-28, 
-14, 
-26, 
-24, 
-22, 
-20, 
-84, 
-4, 
-56, 
-32, 
-44, 
-38, 
-46, 
-26, 
-44, 
8, 
-42, 
-4, 
-42, 
-34, 
-8, 
-22, 
-22, 
-34, 
-40, 
-36, 
-10, 
-22, 
-12, 
-32, 
-28, 
-26, 
-32, 
-68, 
-34, 
-16, 
-36, 
-6, 
-20, 
16, 
-8, 
-24, 
-22, 
-8, 
-22, 
-40, 
-10, 
-34, 
-78, 
-22, 
-8, 
-22, 
-2, 
-12, 
-40, 
-38, 
6, 
2, 
0, 
-22, 
-8, 
-14, 
-14, 
-6, 
-14, 
-14, 
-28, 
-22, 
-18, 
-36, 
-8, 
-34, 
-30, 
-16, 
-18, 
-16, 
-16, 
-8, 
18, 
-28, 
-26, 
-22, 
-28, 
0, 
-8, 
-30, 
-34, 
-36, 
-44, 
-6, 
-26, 
-24, 
-44, 
-32, 
-8, 
4, 
-38, 
-12, 
4, 
-30, 
-16, 
-18, 
2, 
-14, 
-12, 
-34, 
0, 
-16, 
-26, 
-6, 
-32, 
-26, 
-14, 
-30, 
-40, 
-14, 
-30, 
-28, 
-38, 
-12, 
-34, 
-30, 
10, 
-18, 
-28, 
-18, 
-32, 
-16, 
-8, 
-18, 
-24, 
-34, 
-26, 
-4, 
-2, 
-22, 
4, 
-34, 
-24, 
-2, 
-36, 
-18, 
-48, 
-42, 
-32, 
-22, 
-34, 
-28, 
-50, 
-34, 
6, 
-20, 
-26, 
2, 
-4, 
-4, 
2, 
-20, 
8, 
6, 
-10, 
-50, 
-14, 
-14, 
-6, 
-38, 
-58, 
-22, 
-36, 
-26, 
-20, 
-28, 
-10, 
-16, 
-48, 
-48, 
-16, 
-54, 
-14, 
-12, 
-26, 
-38, 
-14, 
-2, 
-16, 
-66, 
-38, 
0, 
-12, 
-22, 
-38, 
-72, 
-6, 
4, 
-4, 
-8, 
-6, 
-36, 
-8, 
6, 
16, 
-8, 
-40, 
-24, 
-18, 
-20, 
-50, 
-22, 
-32, 
-66, 
-46, 
-20, 
-12, 
-38, 
-22, 
-20, 
20, 
-6, 
-8, 
-38, 
-8, 
-26, 
-22, 
-36, 
-18, 
-22, 
-28, 
-18, 
-18, 
0, 
-52, 
-42, 
-28, 
-4, 
-14, 
-16, 
-16, 
14, 
-50, 
-10, 
-18, 
-10, 
-56, 
-38, 
-8, 
-4, 
-26, 
-30, 
-36, 
-40, 
-30, 
-24, 
6, 
-30, 
-32, 
-12, 
-50, 
-10, 
18, 
-38, 
-18, 
-30, 
-6, 
-4, 
8, 
-50, 
-20, 
-14, 
-66, 
-34, 
-30, 
-30, 
-50, 
-12, 
-14, 
0, 
-2, 
-42, 
-58, 
6, 
-2, 
-28, 
-20, 
-8, 
-22, 
-10, 
-28, 
-20, 
0, 
-26, 
-32, 
-42, 
-10, 
-28, 
-22, 
-46, 
-18, 
-14, 
-50, 
-28, 
6, 
-14, 
-22, 
-12, 
-38, 
-48, 
-18, 
-46, 
-26, 
-52, 
-2, 
-32, 
-10, 
-12, 
-2, 
-28, 
-32, 
2, 
-28, 
-6, 
6, 
-10, 
-42, 
-16, 
-24, 
-28, 
-4, 
-8, 
-14, 
-40, 
10, 
-24, 
-6, 
-28, 
-10, 
-10, 
-32, 
-42, 
-38, 
-32, 
-20, 
-22, 
-42, 
-4, 
-44, 
-32, 
-24, 
-58, 
-16, 
-30, 
-12, 
-24, 
-26, 
-42, 
-8, 
-34, 
-28, 
4, 
-32, 
-44, 
-50, 
-26, 
-42, 
-26, 
-18, 
-28, 
-28, 
-18, 
-60, 
-36, 
-10, 
-54, 
-18, 
-34, 
-10, 
-20, 
-12, 
-14, 
-56, 
-2, 
24, 
-36, 
-28, 
-32, 
2, 
-22, 
-56, 
-16, 
-6, 
6, 
-28, 
-8, 
-28, 
-56, 
-20, 
-28, 
-20, 
-18, 
-22, 
-34, 
-20, 
-18, 
-24, 
-28, 
-20, 
-44, 
-54, 
-14, 
-22, 
-34, 
-14, 
-16, 
-10, 
-14, 
-36, 
-16, 
-36, 
-16, 
-6, 
-32, 
-34, 
-28, 
-18, 
-12, 
-34, 
-30, 
-22, 
-28, 
-30, 
-34, 
-16, 
-14, 
-16, 
-24, 
-32, 
-16, 
-16, 
-6, 
-38, 
-44, 
-20, 
-46, 
-42, 
-52, 
-40, 
-38, 
-30, 
-22, 
-22, 
-22, 
-16, 
-32, 
-28, 
-34, 
-26, 
-30, 
-26, 
-38, 
-16, 
-30, 
-56, 
-48, 
-22, 
-40, 
-26, 
-20, 
-20, 
-10, 
-6, 
-10, 
16, 
-12, 
-22, 
-24, 
-4, 
-34, 
-32, 
-14, 
-42, 
-34, 
-28, 
-36, 
-16, 
-38, 
-28, 
-24, 
-42, 
-16, 
-30, 
-36, 
-2, 
-20, 
-34, 
-24, 
-10, 
-16, 
-40, 
-18, 
-14, 
-58, 
0, 
-26, 
-20, 
-12, 
-34, 
-20, 
4, 
-12, 
-30, 
-36, 
-30, 
-38, 
-16, 
4, 
-18, 
-10, 
-22, 
-36, 
-20, 
0, 
-42, 
-56, 
-12, 
-34, 
-2, 
-44, 
-24, 
-20, 
-8, 
-2, 
-32, 
-18, 
-26, 
-30, 
-32, 
-40, 
-32, 
-22, 
-12, 
-16, 
-30, 
-52, 
-6, 
-16, 
-28, 
-4, 
-20, 
-8, 
-26, 
-32, 
-22, 
-12, 
4, 
-26, 
-24, 
-24, 
-66, 
-38, 
-40, 
-12, 
-8, 
-26, 
-24, 
-28, 
-54, 
8, 
-4, 
-20, 
-34, 
-6, 
18, 
-42, 
-16, 
-10, 
-40, 
-24, 
-38, 
-36, 
-24, 
-34, 
-18, 
-50, 
-26, 
-50, 
-14, 
-34, 
-18, 
-14, 
-52, 
-22, 
-20, 
-10, 
-16, 
-20, 
-16, 
8, 
-42, 
-12, 
-42, 
-46, 
-34, 
-38, 
-16, 
-36, 
-28, 
-10, 
-14, 
-50, 
-36, 
-56, 
-30, 
-14, 
-24, 
-24, 
-34, 
-20, 
-42, 
-10, 
-34, 
-38, 
-34, 
8, 
-14, 
-18, 
-20, 
-22, 
-4, 
-24, 
-24, 
-32, 
-22, 
-16, 
-34, 
-12, 
0, 
-50, 
-34, 
-32, 
-42, 
-38, 
-30, 
-18, 
6, 
-38, 
-36, 
8, 
-10, 
2, 
-18, 
-56, 
-26, 
-30, 
-6, 
-40, 
-44, 
-32, 
-10, 
-20, 
-20, 
-28, 
-16, 
-28, 
-32, 
-46, 
-8, 
-34, 
-24, 
-14, 
-28, 
-50, 
-44, 
-10, 
-44, 
-8, 
-34, 
-10, 
-22, 
-48, 
-38, 
-10, 
-38, 
-18, 
-42, 
-26, 
-20, 
-36, 
-38, 
-12, 
-34, 
-34, 
-20, 
-48, 
-28, 
-34, 
-40, 
8, 
-18, 
-16, 
-38, 
-16, 
-18, 
-28, 
-32, 
-10, 
-24, 
-44, 
-20, 
-2, 
0, 
-16, 
-18, 
-12, 
-28, 
-24, 
-16, 
-12, 
-48, 
-40, 
-24, 
-44, 
-32, 
-44, 
-16, 
-34, 
-16, 
-10, 
-28, 
-52, 
-18, 
-26, 
-32, 
-32, 
-22, 
-6, 
-8, 
-52, 
-32, 
-46, 
-24, 
-24, 
-32, 
-14, 
2, 
-18, 
-38, 
-16, 
-2, 
0, 
6, 
-36, 
-16, 
-14, 
10, 
-12, 
-4, 
-40, 
16, 
-22, 
-24, 
2, 
-44, 
-26, 
-2, 
-34, 
-34, 
-8, 
-24, 
-10, 
-26, 
-14, 
-10, 
8, 
2, 
-24, 
-68, 
-20, 
-26, 
-34, 
-28, 
18, 
-20, 
-20, 
-46, 
-2, 
-32, 
-10, 
-18, 
-30, 
0, 
-44, 
0, 
-12, 
-18, 
-34, 
-12, 
-76, 
-26, 
-14, 
14, 
-14, 
4, 
-8, 
-30, 
-20, 
-42, 
-28, 
8, 
-54, 
-16, 
-38, 
2, 
-18, 
-22, 
-18, 
-10, 
-36, 
-6, 
-22, 
-6, 
-22, 
-18, 
-32, 
-34, 
-16, 
-14, 
-10, 
8, 
-30, 
-2, 
14, 
-38, 
8, 
-8, 
-18, 
-10, 
-38, 
4, 
-30, 
-34, 
-32, 
-2, 
-54, 
14, 
-18, 
-12, 
-30, 
-38, 
-16, 
-68, 
-70, 
-42, 
-12, 
-20, 
-38, 
-28, 
-6, 
-32, 
-20, 
-34, 
-34, 
-22, 
-10, 
-22, 
6, 
-12, 
-10, 
-24, 
-24, 
-6, 
-30, 
-36, 
-20, 
2, 
-2, 
0, 
-28, 
-14, 
-10, 
-24, 
-32, 
-10, 
8, 
-24, 
-42, 
-30, 
6, 
-4, 
-26, 
-38, 
-24, 
-16, 
-44, 
-4, 
-24, 
-26, 
-20, 
-22, 
-2, 
-6, 
0, 
-22, 
2, 
-2, 
-26, 
-34, 
-66, 
-6, 
-14, 
-64, 
-38, 
-32, 
-42, 
-42, 
-26, 
-14, 
-2, 
-8, 
-10, 
-14, 
-2, 
-8, 
16, 
-42, 
-20, 
-24, 
-22, 
-6, 
-4, 
-32, 
-38, 
-20, 
-20, 
-18, 
-8, 
-12, 
-50, 
-10, 
-6, 
-32, 
-16, 
-36, 
-26, 
0, 
-8, 
-12, 
-18, 
-22, 
-18, 
-14, 
-30, 
-48, 
10, 
-36, 
-30, 
-18, 
-12, 
-4, 
-18, 
-30, 
-2, 
-40, 
-32, 
-12, 
-22, 
-16, 
-26, 
-12, 
-32, 
2, 
-18, 
-24, 
-20, 
-18, 
-14, 
-46, 
-22, 
-10, 
-38, 
-4, 
-22, 
-58, 
-14, 
-52, 
-14, 
-30, 
-26, 
-14, 
-38, 
-32, 
-44, 
-6, 
-50, 
-14, 
-8, 
-50, 
-8, 
-26, 
-6, 
-16, 
-16, 
-24, 
-42, 
-10, 
-46, 
-26, 
-10, 
-24, 
-42, 
-52, 
-52, 
-42, 
-4, 
-28, 
-18, 
-16, 
8, 
-24, 
-34, 
0, 
-28, 
-34, 
-52, 
-48, 
-18, 
-28, 
-24, 
-46, 
-18, 
-48, 
-10, 
50, 
28, 
-44, 
-74, 
-38, 
-42, 
-6, 
14, 
-36, 
0, 
10, 
30, 
12, 
-46, 
-80, 
-54, 
-36, 
-26, 
-10, 
34, 
-18, 
-22, 
-32, 
-54, 
-46, 
-72, 
-26, 
-28, 
-4, 
-28, 
-20, 
-30, 
-22, 
-78, 
-36, 
-38, 
4, 
-40, 
-10, 
-12, 
-18, 
-18, 
-32, 
-4, 
-64, 
-38, 
-44, 
2, 
-18, 
-30, 
-52, 
-24, 
-48, 
-42, 
-38, 
-50, 
-32, 
-34, 
-16, 
-16, 
-4, 
-50, 
2, 
-34, 
-24, 
-10, 
-14, 
-20, 
-50, 
-20, 
-24, 
-74, 
-98, 
-34, 
0, 
-30, 
-28, 
-10, 
-10, 
-44, 
-10, 
-60, 
-26, 
-28, 
-16, 
-30, 
-34, 
-4, 
6, 
-26, 
2, 
-24, 
-16, 
-26, 
-66, 
-24, 
-20, 
-22, 
-18, 
-38, 
-26, 
-26, 
-6, 
-24, 
-10, 
38, 
-42, 
-12, 
8, 
-16, 
-32, 
-54, 
-30, 
-12, 
-40, 
-24, 
-30, 
-38, 
-30, 
-18, 
-32, 
-30, 
-28, 
12, 
16, 
-2, 
-42, 
-16, 
-28, 
-6, 
-4, 
-12, 
-36, 
-22, 
-48, 
-48, 
-14, 
-42, 
-28, 
-26, 
-14, 
-24, 
-14, 
-28, 
8, 
-18, 
-16, 
20, 
-4, 
-68, 
-52, 
-30, 
-30, 
-20, 
-2, 
-16, 
-14, 
12, 
-10, 
-32, 
-26, 
-22, 
-48, 
28, 
-18, 
-24, 
-50, 
20, 
-10, 
-46, 
-22, 
-40, 
-28, 
-2, 
-22, 
-44, 
-24, 
-28, 
-30, 
12, 
-6, 
-38, 
-20, 
-24, 
-22, 
-18, 
-36, 
-16, 
-16, 
-40, 
4, 
-24, 
-10, 
-32, 
-46, 
-22, 
-38, 
-32, 
-10, 
-32, 
-26, 
-54, 
-2, 
-18, 
20, 
-48, 
-8, 
-50, 
-16, 
-44, 
-40, 
-62, 
-40, 
-52, 
-56, 
-16, 
-12, 
-30, 
-34, 
-14, 
10, 
2, 
-36, 
-24, 
-16, 
-16, 
-20, 
0, 
-18, 
-30, 
-2, 
-26, 
-6, 
-18, 
-46, 
-8, 
0, 
-26, 
-10, 
-58, 
-34, 
-66, 
-50, 
-32, 
-16, 
-22, 
-64, 
-14, 
-36, 
-56, 
-28, 
-2, 
-16, 
-34, 
-38, 
2, 
-16, 
-4, 
-8, 
-30, 
-30, 
-4, 
-30, 
-2, 
-26, 
6, 
-22, 
-66, 
-42, 
-6, 
-30, 
-28, 
-38, 
-18, 
-16, 
-6, 
-34, 
-40, 
-30, 
-32, 
-66, 
-40, 
-22, 
-32, 
-10, 
-22, 
-18, 
-20, 
-50, 
-8, 
-10, 
-38, 
-6, 
-26, 
-6, 
-16, 
-22, 
12, 
-26, 
-18, 
-34, 
-32, 
-12, 
-12, 
-28, 
-6, 
-38, 
-54, 
-62, 
-46, 
-18, 
-36, 
-54, 
-48, 
-26, 
-18, 
-26, 
-8, 
8, 
-12, 
-22, 
-50, 
-44, 
-34, 
-42, 
-42, 
2, 
-14, 
-28, 
-18, 
-56, 
-68, 
-18, 
-14, 
18, 
-6, 
2, 
28, 
-40, 
0, 
-20, 
-24, 
-20, 
-42, 
-10, 
-38, 
-52, 
-12, 
-20, 
-16, 
-72, 
-32, 
-34, 
-30, 
8, 
-18, 
-16, 
-2, 
-14, 
-44, 
-34, 
-6, 
-22, 
-42, 
-38, 
-62, 
-20, 
-12, 
-30, 
-36, 
-34, 
-30, 
-30, 
-42, 
0, 
-12, 
10, 
-26, 
-42, 
16, 
-12, 
-18, 
-16, 
-30, 
-30, 
-44, 
-14, 
-48, 
-20, 
-50, 
-10, 
-18, 
-48, 
-16, 
-14, 
-6, 
-22, 
-24, 
-20, 
-28, 
-12, 
-24, 
-18, 
-44, 
-54, 
-30, 
-34, 
-8, 
-42, 
4, 
-14, 
-16, 
-36, 
-16, 
-10, 
8, 
-26, 
-4, 
-2, 
-2, 
-24, 
-30, 
-44, 
-22, 
-44, 
-24, 
-26, 
6, 
-30, 
-24, 
-28, 
-20, 
-20, 
18, 
20, 
-32, 
-44, 
34, 
-408, 
-222, 
416, 
744, 
482, 
-296, 
-354, 
-216, 
-80, 
-124, 
-186, 
-320, 
-368, 
-58, 
708, 
500, 
548, 
-356, 
-320, 
-188, 
-38, 
34, 
-28, 
-254, 
-256, 
178, 
672, 
208, 
312, 
-362, 
-298, 
-164, 
-50, 
-76, 
-272, 
-244, 
-318, 
218, 
534, 
256, 
104, 
-292, 
-236, 
-240, 
-94, 
14, 
-348, 
-178, 
-50, 
360, 
516, 
342, 
-46, 
-302, 
-290, 
-102, 
-20, 
114, 
-204, 
-286, 
172, 
454, 
322, 
308, 
-188, 
-322, 
-300, 
-138, 
-104, 
-116, 
-212, 
-390, 
240, 
528, 
110, 
310, 
-196, 
-312, 
-288, 
-120, 
118, 
-232, 
-98, 
-218, 
302, 
472, 
144, 
154, 
-208, 
-314, 
-260, 
-138, 
170, 
-310, 
-178, 
12, 
346, 
340, 
226, 
60, 
-258, 
-420, 
-274, 
-130, 
96, 
-172, 
-304, 
184, 
370, 
220, 
252, 
32, 
-230, 
-362, 
-184, 
22, 
-12, 
8, 
-304, 
210, 
424, 
206, 
284, 
-82, 
-286, 
-470, 
-256, 
166, 
-220, 
26, 
-200, 
260, 
432, 
128, 
206, 
-138, 
-394, 
-376, 
-252, 
258, 
-196, 
-110, 
-70, 
230, 
336, 
162, 
210, 
-110, 
-370, 
-302, 
-174, 
196, 
-46, 
-278, 
184, 
324, 
292, 
178, 
78, 
-228, 
-506, 
-380, 
-30, 
-16, 
104, 
-362, 
148, 
348, 
152, 
198, 
48, 
-254, 
-522, 
-396, 
194, 
-102, 
62, 
-192, 
144, 
350, 
68, 
220, 
18, 
-306, 
-438, 
-352, 
326, 
-48, 
-76, 
-30, 
164, 
336, 
118, 
196, 
-54, 
-432, 
-414, 
-292, 
220, 
46, 
-322, 
66, 
222, 
278, 
150, 
172, 
-88, 
-544, 
-432, 
-52, 
108, 
222, 
-282, 
88, 
316, 
218, 
190, 
136, 
-162, 
-544, 
-552, 
210, 
-10, 
162, 
-216, 
76, 
398, 
86, 
198, 
112, 
-258, 
-530, 
-562, 
298, 
34, 
-74, 
-84, 
142, 
350, 
106, 
208, 
68, 
-450, 
-496, 
-390, 
260, 
220, 
-154, 
2, 
182, 
312, 
94, 
194, 
8, 
-516, 
-556, 
-90, 
160, 
246, 
-288, 
36, 
218, 
210, 
120, 
138, 
-52, 
-568, 
-696, 
140, 
52, 
240, 
-184, 
46, 
302, 
188, 
174, 
148, 
-184, 
-490, 
-708, 
292, 
160, 
100, 
-74, 
96, 
330, 
122, 
156, 
148, 
-328, 
-512, 
-580, 
274, 
256, 
-130, 
-10, 
94, 
248, 
80, 
114, 
136, 
-468, 
-684, 
-298, 
106, 
384, 
-172, 
64, 
182, 
300, 
108, 
122, 
110, 
-462, 
-806, 
34, 
94, 
366, 
-150, 
34, 
230, 
194, 
154, 
124, 
-56, 
-496, 
-934, 
160, 
168, 
182, 
-100, 
26, 
270, 
118, 
94, 
186, 
-250, 
-478, 
-782, 
190, 
340, 
46, 
0, 
82, 
294, 
86, 
104, 
210, 
-338, 
-606, 
-484, 
96, 
434, 
-72, 
16, 
118, 
316, 
108, 
78, 
130, 
-406, 
-920, 
-220, 
110, 
432, 
-94, 
22, 
154, 
230, 
120, 
88, 
62, 
-300, 
-1006, 
-44, 
136, 
378, 
-42, 
48, 
238, 
162, 
68, 
208, 
-100, 
-370, 
-932, 
22, 
352, 
208, 
20, 
48, 
264, 
128, 
30, 
234, 
-272, 
-604, 
-740, 
-26, 
430, 
66, 
16, 
96, 
254, 
110, 
-8, 
218, 
-216, 
-836, 
-414, 
-2, 
538, 
-4, 
34, 
112, 
230, 
126, 
52, 
150, 
-146, 
-1090, 
-238, 
110, 
434, 
-4, 
52, 
182, 
190, 
44, 
122, 
-18, 
-274, 
-1080, 
-184, 
240, 
332, 
30, 
38, 
218, 
158, 
32, 
204, 
-66, 
-412, 
-906, 
-128, 
422, 
230, 
94, 
30, 
242, 
158, 
-30, 
270, 
-66, 
-718, 
-688, 
-90, 
534, 
110, 
100, 
58, 
220, 
176, 
-76, 
162, 
-76, 
-992, 
-518, 
-50, 
506, 
70, 
94, 
154, 
168, 
100, 
56, 
76, 
-82, 
-1128, 
-330, 
160, 
496, 
96, 
84, 
188, 
170, 
28, 
176, 
-24, 
-196, 
-1092, 
-296, 
318, 
344, 
108, 
36, 
214, 
220, 
-56, 
214, 
16, 
-518, 
-884, 
-260, 
516, 
244, 
180, 
98, 
198, 
208, 
-78, 
180, 
92, 
-878, 
-714, 
-186, 
600, 
154, 
124, 
140, 
162, 
124, 
-18, 
38, 
130, 
-1044, 
-546, 
-50, 
598, 
166, 
80, 
156, 
180, 
22, 
24, 
24, 
4, 
-1096, 
-498, 
150, 
492, 
204, 
104, 
198, 
214, 
-112, 
158, 
46, 
-248, 
-1058, 
-458, 
360, 
388, 
196, 
86, 
162, 
248, 
-146, 
112, 
154, 
-632, 
-900, 
-350, 
522, 
328, 
164, 
142, 
132, 
176, 
-78, 
28, 
272, 
-896, 
-762, 
-250, 
614, 
256, 
164, 
172, 
162, 
88, 
46, 
32, 
212, 
-1034, 
-740, 
-32, 
574, 
254, 
146, 
158, 
174, 
-10, 
60, 
-4, 
10, 
-1078, 
-592, 
172, 
502, 
272, 
126, 
172, 
256, 
-112, 
50, 
174, 
-260, 
-1006, 
-584, 
376, 
406, 
234, 
104, 
120, 
246, 
-84, 
-8, 
320, 
-574, 
-932, 
-530, 
518, 
414, 
220, 
180, 
136, 
124, 
-32, 
-98, 
348, 
-848, 
-838, 
-342, 
594, 
364, 
172, 
194, 
214, 
-38, 
-18, 
-52, 
264, 
-998, 
-832, 
-140, 
580, 
364, 
132, 
138, 
290, 
-72, 
8, 
66, 
16, 
-1020, 
-772, 
202, 
534, 
368, 
158, 
128, 
256, 
-66, 
-118, 
208, 
-290, 
-1006, 
-726, 
324, 
496, 
308, 
220, 
114, 
186, 
-32, 
-156, 
430, 
-550, 
-938, 
-642, 
484, 
506, 
270, 
210, 
200, 
78, 
22, 
-200, 
432, 
-744, 
-916, 
-400, 
498, 
414, 
202, 
188, 
292, 
26, 
-22, 
-92, 
300, 
-898, 
-924, 
-214, 
514, 
432, 
238, 
178, 
326, 
-38, 
-120, 
58, 
66, 
-946, 
-928, 
76, 
542, 
356, 
282, 
118, 
272, 
4, 
-224, 
272, 
-182, 
-954, 
-860, 
260, 
532, 
322, 
262, 
180, 
110, 
22, 
-298, 
466, 
-420, 
-940, 
-770, 
378, 
532, 
324, 
240, 
250, 
78, 
-14, 
-270, 
422, 
-672, 
-972, 
-496, 
452, 
478, 
328, 
156, 
284, 
-34, 
-88, 
-134, 
318, 
-790, 
-1066, 
-238, 
484, 
458, 
324, 
144, 
234, 
-8, 
-246, 
62, 
132, 
-842, 
-1076, 
-18, 
526, 
448, 
326, 
158, 
184, 
44, 
-340, 
270, 
-136, 
-864, 
-988, 
182, 
562, 
386, 
314, 
240, 
124, 
22, 
-402, 
450, 
-330, 
-942, 
-792, 
288, 
550, 
374, 
200, 
300, 
92, 
-26, 
-314, 
414, 
-502, 
-1050, 
-618, 
420, 
522, 
424, 
192, 
304, 
12, 
-112, 
-168, 
308, 
-654, 
-1098, 
-386, 
498, 
496, 
380, 
198, 
260, 
52, 
-288, 
80, 
154, 
-706, 
-1112, 
-158, 
552, 
454, 
366, 
266, 
200, 
74, 
-416, 
252, 
-78, 
-816, 
-1056, 
2, 
592, 
426, 
288, 
316, 
120, 
62, 
-432, 
382, 
-244, 
-950, 
-886, 
208, 
614, 
474, 
224, 
320, 
94, 
-42, 
-402, 
404, 
-340, 
-1070, 
-708, 
310, 
566, 
484, 
208, 
282, 
104, 
-154, 
-212, 
348, 
-490, 
-1160, 
-506, 
456, 
498, 
432, 
268, 
198, 
114, 
-378, 
-10, 
174, 
-616, 
-1194, 
-312, 
552, 
560, 
398, 
356, 
154, 
136, 
-468, 
178, 
-34, 
-744, 
-1122, 
-108, 
580, 
556, 
288, 
346, 
118, 
58, 
-494, 
340, 
-124, 
-922, 
-986, 
94, 
542, 
554, 
300, 
302, 
150, 
-56, 
-410, 
346, 
-230, 
-1082, 
-842, 
246, 
562, 
552, 
300, 
280, 
180, 
-232, 
-286, 
266, 
-330, 
-1152, 
-630, 
392, 
596, 
496, 
328, 
212, 
172, 
-374, 
-60, 
200, 
-492, 
-1202, 
-490, 
504, 
600, 
418, 
336, 
214, 
154, 
-512, 
64, 
74, 
-690, 
-1186, 
-242, 
504, 
624, 
348, 
362, 
192, 
100, 
-558, 
240, 
22, 
-878, 
-1124, 
-44, 
570, 
614, 
354, 
334, 
178, 
-2, 
-496, 
258, 
-92, 
-1044, 
-1006, 
144, 
586, 
584, 
356, 
286, 
234, 
-180, 
-344, 
206, 
-198, 
-1130, 
-816, 
288, 
596, 
484, 
382, 
230, 
218, 
-384, 
-174, 
196, 
-384, 
-1194, 
-582, 
400, 
692, 
440, 
418, 
182, 
214, 
-522, 
-68, 
134, 
-542, 
-1200, 
-386, 
464, 
678, 
382, 
412, 
222, 
136, 
-528, 
82, 
106, 
-726, 
-1176, 
-196, 
510, 
648, 
422, 
366, 
222, 
-36, 
-532, 
136, 
14, 
-922, 
-1068, 
-4, 
612, 
602, 
422, 
332, 
284, 
-184, 
-452, 
190, 
-122, 
-1072, 
-910, 
126, 
680, 
554, 
438, 
200, 
294, 
-348, 
-268, 
182, 
-248, 
-1178, 
-722, 
314, 
690, 
514, 
448, 
216, 
262, 
-514, 
-176, 
214, 
-414, 
-1270, 
-514, 
364, 
686, 
480, 
418, 
262, 
168, 
-562, 
-40, 
176, 
-600, 
-1216, 
-294, 
420, 
658, 
474, 
380, 
292, 
-16, 
-540, 
4, 
110, 
-786, 
-1132, 
-124, 
564, 
598, 
502, 
310, 
332, 
-174, 
-496, 
80, 
14, 
-998, 
-1070, 
2, 
638, 
564, 
526, 
254, 
354, 
-330, 
-424, 
120, 
-134, 
-1104, 
-822, 
176, 
682, 
534, 
530, 
254, 
286, 
-462, 
-328, 
144, 
-286, 
-1188, 
-658, 
266, 
722, 
504, 
480, 
314, 
208, 
-496, 
-214, 
158, 
-464, 
-1256, 
-450, 
394, 
688, 
542, 
428, 
360, 
78, 
-562, 
-114, 
150, 
-680, 
-1202, 
-302, 
538, 
622, 
550, 
354, 
384, 
-124, 
-526, 
-12, 
96, 
-866, 
-1112, 
-134, 
638, 
592, 
578, 
316, 
400, 
-234, 
-502, 
78, 
16, 
-1054, 
-928, 
-30, 
680, 
586, 
576, 
308, 
366, 
-402, 
-434, 
80, 
-76, 
-1154, 
-788, 
158, 
668, 
594, 
524, 
378, 
288, 
-472, 
-338, 
102, 
-278, 
-1206, 
-634, 
328, 
686, 
594, 
416, 
376, 
160, 
-580, 
-242, 
162, 
-516, 
-1216, 
-512, 
440, 
660, 
576, 
420, 
428, 
0, 
-590, 
-144, 
166, 
-714, 
-1170, 
-356, 
616, 
660, 
602, 
352, 
446, 
-148, 
-560, 
-82, 
130, 
-896, 
-1052, 
-158, 
624, 
654, 
608, 
368, 
440, 
-272, 
-524, 
14, 
44, 
-1094, 
-960, 
-14, 
638, 
624, 
560, 
382, 
360, 
-410, 
-464, 
40, 
-134, 
-1180, 
-836, 
186, 
670, 
636, 
468, 
454, 
238, 
-504, 
-376, 
160, 
-320, 
-1148, 
-670, 
352, 
680, 
650, 
418, 
480, 
134, 
-612, 
-290, 
184, 
-550, 
-1152, 
-488, 
480, 
630, 
652, 
382, 
478, 
2, 
-610, 
-202, 
150, 
-772, 
-1128, 
-322, 
560, 
642, 
612, 
410, 
440, 
-168, 
-598, 
-158, 
104, 
-892, 
-1012, 
-132, 
594, 
704, 
574, 
422, 
432, 
-310, 
-558, 
-26, 
-38, 
-1038, 
-946, 
58, 
658, 
700, 
510, 
476, 
354, 
-470, 
-492, 
78, 
-196, 
-1098, 
-862, 
202, 
640, 
696, 
502, 
514, 
246, 
-550, 
-472, 
152, 
-388, 
-1118, 
-670, 
314, 
642, 
676, 
466, 
514, 
66, 
-596, 
-400, 
184, 
-582, 
-1126, 
-522, 
468, 
700, 
662, 
430, 
510, 
-48, 
-620, 
-278, 
178, 
-756, 
-1120, 
-310, 
502, 
686, 
636, 
484, 
474, 
-230, 
-634, 
-178, 
52, 
-928, 
-1042, 
-130, 
582, 
728, 
534, 
480, 
432, 
-384, 
-614, 
-52, 
-82, 
-1004, 
-912, 
72, 
638, 
746, 
520, 
546, 
330, 
-472, 
-584, 
96, 
-278, 
-1082, 
-802, 
214, 
630, 
716, 
508, 
582, 
216, 
-580, 
-494, 
158, 
-472, 
-1136, 
-654, 
310, 
686, 
676, 
468, 
544, 
42, 
-618, 
-430, 
156, 
-558, 
-1136, 
-470, 
406, 
692, 
628, 
484, 
594, 
-114, 
-666, 
-288, 
134, 
-744, 
-1126, 
-286, 
468, 
686, 
598, 
502, 
512, 
-234, 
-670, 
-164, 
18, 
-846, 
-1070, 
-82, 
518, 
754, 
560, 
542, 
452, 
-384, 
-664, 
-16, 
-120, 
-976, 
-930, 
72, 
614, 
716, 
558, 
570, 
304, 
-476, 
-638, 
74, 
-264, 
-1020, 
-810, 
186, 
648, 
686, 
524, 
634, 
136, 
-584, 
-584, 
118, 
-400, 
-1078, 
-610, 
294, 
720, 
700, 
526, 
640, 
22, 
-666, 
-466, 
100, 
-536, 
-1162, 
-436, 
412, 
732, 
640, 
540, 
608, 
-108, 
-754, 
-290, 
44, 
-664, 
-1108, 
-268, 
494, 
738, 
572, 
554, 
516, 
-224, 
-744, 
-146, 
-14, 
-802, 
-1052, 
-110, 
580, 
770, 
580, 
618, 
408, 
-364, 
-758, 
-42, 
-134, 
-954, 
-916, 
30, 
644, 
726, 
532, 
656, 
320, 
-518, 
-662, 
6, 
-230, 
-1038, 
-764, 
186, 
692, 
722, 
540, 
680, 
192, 
-638, 
-582, 
68, 
-398, 
-1086, 
-592, 
266, 
708, 
702, 
518, 
652, 
54, 
-714, 
-452, 
32, 
-490, 
-1154, 
-428, 
390, 
764, 
664, 
582, 
608, 
-72, 
-826, 
-334, 
20, 
-660, 
-1070, 
-318, 
436, 
778, 
610, 
606, 
552, 
-240, 
-780, 
-204, 
-34, 
-810, 
-992, 
-158, 
566, 
728, 
550, 
688, 
470, 
-350, 
-744, 
-152, 
-126, 
-974, 
-876, 
-14, 
650, 
736, 
566, 
700, 
306, 
-538, 
-716, 
-40, 
-232, 
-1080, 
-736, 
138, 
708, 
732, 
566, 
676, 
222, 
-666, 
-586, 
6, 
-354, 
-1088, 
-576, 
264, 
736, 
690, 
620, 
654, 
88, 
-744, 
-482, 
26, 
-504, 
-1064, 
-452, 
374, 
764, 
658, 
666, 
656, 
-96, 
-828, 
-394, 
4, 
-672, 
-1026, 
-324, 
464, 
774, 
598, 
682, 
526, 
-236, 
-818, 
-280, 
-10, 
-838, 
-944, 
-152, 
548, 
734, 
562, 
674, 
490, 
-420, 
-778, 
-202, 
-112, 
-968, 
-834, 
-10, 
662, 
728, 
622, 
736, 
336, 
-578, 
-696, 
-114, 
-208, 
-998, 
-742, 
112, 
700, 
704, 
598, 
700, 
216, 
-728, 
-618, 
-56, 
-364, 
-1020, 
-602, 
272, 
720, 
630, 
690, 
678, 
68, 
-798, 
-550, 
-16, 
-512, 
-1046, 
-464, 
382, 
772, 
620, 
732, 
640, 
-90, 
-784, 
-440, 
14, 
-672, 
-980, 
-330, 
476, 
792, 
614, 
726, 
560, 
-266, 
-850, 
-320, 
-40, 
-784, 
-924, 
-162, 
554, 
736, 
624, 
750, 
502, 
-438, 
-794, 
-210, 
-108, 
-910, 
-808, 
-18, 
654, 
702, 
650, 
778, 
382, 
-598, 
-716, 
-142, 
-258, 
-972, 
-714, 
142, 
694, 
688, 
662, 
738, 
216, 
-748, 
-672, 
-32, 
-370, 
-1002, 
-546, 
242, 
738, 
628, 
670, 
708, 
48, 
-794, 
-540, 
-20, 
-544, 
-1024, 
-410, 
378, 
782, 
634, 
738, 
672, 
-150, 
-860, 
-478, 
-16, 
-740, 
-948, 
-294, 
484, 
724, 
624, 
742, 
602, 
-334, 
-844, 
-338, 
-62, 
-804, 
-862, 
-130, 
578, 
704, 
616, 
766, 
496, 
-486, 
-790, 
-242, 
-166, 
-912, 
-782, 
48, 
666, 
688, 
664, 
756, 
354, 
-622, 
-762, 
-102, 
-298, 
-952, 
-664, 
116, 
678, 
654, 
682, 
782, 
186, 
-722, 
-704, 
-70, 
-428, 
-948, 
-566, 
260, 
722, 
668, 
726, 
738, 
16, 
-804, 
-600, 
-28, 
-550, 
-978, 
-426, 
380, 
746, 
612, 
776, 
682, 
-154, 
-858, 
-464, 
-58, 
-678, 
-928, 
-294, 
480, 
718, 
628, 
808, 
624, 
-308, 
-876, 
-338, 
-98, 
-760, 
-898, 
-84, 
606, 
706, 
646, 
784, 
484, 
-464, 
-826, 
-234, 
-192, 
-868, 
-784, 
24, 
640, 
672, 
692, 
802, 
342, 
-638, 
-814, 
-144, 
-308, 
-902, 
-690, 
120, 
738, 
648, 
784, 
804, 
190, 
-746, 
-726, 
-132, 
-390, 
-912, 
-514, 
294, 
728, 
640, 
740, 
764, 
20, 
-798, 
-600, 
-82, 
-492, 
-934, 
-432, 
398, 
708, 
636, 
766, 
700, 
-176, 
-852, 
-496, 
-102, 
-668, 
-902, 
-296, 
534, 
706, 
658, 
828, 
610, 
-320, 
-914, 
-400, 
-162, 
-730, 
-820, 
-150, 
576, 
684, 
664, 
838, 
482, 
-468, 
-878, 
-250, 
-226, 
-826, 
-746, 
6, 
654, 
672, 
704, 
854, 
344, 
-654, 
-824, 
-184, 
-310, 
-886, 
-652, 
158, 
678, 
678, 
736, 
826, 
184, 
-768, 
-734, 
-124, 
-428, 
-920, 
-542, 
298, 
682, 
624, 
786, 
760, 
-14, 
-854, 
-606, 
-132, 
-500, 
-880, 
-378, 
398, 
688, 
638, 
826, 
734, 
-172, 
-922, 
-534, 
-160, 
-624, 
-872, 
-284, 
460, 
672, 
660, 
864, 
596, 
-334, 
-928, 
-380, 
-210, 
-706, 
-768, 
-82, 
600, 
638, 
676, 
880, 
464, 
-552, 
-924, 
-320, 
-252, 
-810, 
-704, 
38, 
668, 
662, 
702, 
896, 
326, 
-676, 
-832, 
-260, 
-342, 
-882, 
-618, 
182, 
684, 
604, 
752, 
852, 
178, 
-778, 
-758, 
-172, 
-432, 
-866, 
-518, 
332, 
682, 
602, 
832, 
788, 
8, 
-914, 
-608, 
-182, 
-526, 
-862, 
-382, 
430, 
684, 
632, 
842, 
702, 
-144, 
-898, 
-558, 
-156, 
-644, 
-814, 
-230, 
478, 
610, 
664, 
884, 
622, 
-340, 
-938, 
-442, 
-202, 
-710, 
-780, 
-50, 
558, 
648, 
692, 
928, 
476, 
-494, 
-916, 
-378, 
-238, 
-736, 
-702, 
28, 
598, 
632, 
740, 
864, 
350, 
-690, 
-854, 
-278, 
-314, 
-768, 
-556, 
188, 
646, 
598, 
774, 
830, 
232, 
-814, 
-762, 
-246, 
-392, 
-852, 
-510, 
286, 
658, 
604, 
800, 
794, 
36, 
-854, 
-682, 
-190, 
-498, 
-812, 
-386, 
388, 
656, 
624, 
888, 
716, 
-202, 
-978, 
-622, 
-190, 
-604, 
-808, 
-236, 
506, 
614, 
700, 
890, 
662, 
-318, 
-926, 
-528, 
-222, 
-664, 
-758, 
-116, 
546, 
606, 
694, 
924, 
534, 
-482, 
-914, 
-428, 
-270, 
-722, 
-688, 
86, 
606, 
626, 
740, 
904, 
390, 
-672, 
-872, 
-350, 
-312, 
-788, 
-574, 
166, 
618, 
624, 
786, 
880, 
256, 
-728, 
-834, 
-290, 
-376, 
-770, 
-552, 
270, 
644, 
574, 
852, 
848, 
32, 
-858, 
-778, 
-268, 
-454, 
-816, 
-402, 
380, 
628, 
654, 
886, 
794, 
-100, 
-908, 
-656, 
-250, 
-548, 
-796, 
-272, 
448, 
596, 
678, 
894, 
716, 
-300, 
-944, 
-566, 
-208, 
-614, 
-754, 
-130, 
520, 
600, 
728, 
902, 
580, 
-474, 
-940, 
-478, 
-254, 
-690, 
-716, 
-22, 
584, 
580, 
750, 
936, 
494, 
-588, 
-930, 
-412, 
-290, 
-760, 
-624, 
154, 
600, 
576, 
762, 
930, 
280, 
-738, 
-840, 
-312, 
-368, 
-768, 
-494, 
252, 
598, 
640, 
920, 
984, 
6, 
-1070, 
-914, 
-198, 
-320, 
-654, 
-406, 
334, 
718, 
784, 
744, 
384, 
-384, 
-860, 
-602, 
-142, 
-154, 
-306, 
-144, 
340, 
590, 
534, 
190, 
-2, 
-170, 
-346, 
-366, 
-288, 
-242, 
-32, 
90, 
178, 
242, 
216, 
118, 
8, 
-104, 
-176, 
-240, 
-128, 
-114, 
-8, 
32, 
90, 
58, 
36, 
12, 
-48, 
-34, 
-112, 
-66, 
-44, 
-38, 
-66, 
-28, 
30, 
64, 
52, 
46, 
-36, 
-68, 
-56, 
-96, 
-128, 
-100, 
2, 
72, 
70, 
64, 
-24, 
-70, 
-80, 
-124, 
-92, 
28, 
58, 
86, 
80, 
-24, 
-40, 
-96, 
-32, 
-86, 
-90, 
-42, 
-2, 
52, 
34, 
-2, 
-52, 
-32, 
-38, 
-82, 
-36, 
-48, 
-10, 
60, 
30, 
16, 
-42, 
-100, 
-98, 
-112, 
-88, 
-18, 
48, 
58, 
22, 
-14, 
-56, 
-84, 
-72, 
-52, 
-16, 
-22, 
32, 
10, 
30, 
-32, 
-6, 
-10, 
-68, 
-48, 
-50, 
-22, 
-28, 
6, 
0, 
6, 
-36, 
-18, 
-16, 
-16, 
-46, 
-16, 
-10, 
0, 
-48, 
-8, 
-26, 
-6, 
-16, 
-38, 
-32, 
-46, 
-50, 
-46, 
-26, 
-18, 
-6, 
-30, 
-22, 
-28, 
30, 
-36, 
-28, 
-46, 
-66, 
-10, 
-44, 
-18, 
-34, 
-42, 
-24, 
-16, 
-36, 
-42, 
-32, 
-30, 
-48, 
-8, 
-6, 
-18, 
-26, 
-18, 
4, 
-26, 
-2, 
-26, 
-44, 
-12, 
-32, 
-40, 
-16, 
-28, 
-8, 
-12, 
6, 
-8, 
-2, 
10, 
-22, 
-12, 
-24, 
22, 
-6, 
-14, 
-22, 
10, 
-16, 
-54, 
-28, 
-10, 
-16, 
-40, 
-22, 
-4, 
-34, 
-10, 
-10, 
-22, 
8, 
-18, 
-28, 
-18, 
-16, 
0, 
-30, 
-18, 
-42, 
-36, 
-50, 
-22, 
-40, 
-42, 
-34, 
-18, 
0, 
-26, 
-20, 
-16, 
-26, 
-32, 
-38, 
-44, 
-40, 
-48, 
-2, 
2, 
-32, 
-2, 
-56, 
-10, 
-48, 
-32, 
-2, 
24, 
-36, 
-10, 
4, 
-8, 
-18, 
-36, 
-18, 
-8, 
-16, 
-30, 
-34, 
4, 
-20, 
-52, 
-36, 
-4, 
-42, 
-38, 
-20, 
10, 
-12, 
-12, 
-48, 
-12, 
-14, 
-28, 
-66, 
-36, 
-28, 
-36, 
0, 
-34, 
-24, 
-34, 
-48, 
-34, 
-32, 
2, 
-30, 
-48, 
-22, 
4, 
-42, 
-22, 
-20, 
-4, 
-6, 
-36, 
-56, 
-42, 
-26, 
-24, 
8, 
-40, 
-68, 
-16, 
-24, 
-48, 
-8, 
-2, 
-34, 
-16, 
-34, 
-34, 
-32, 
-14, 
-30, 
-32, 
-34, 
-12, 
-38, 
0, 
-16, 
-14, 
-20, 
-24, 
-48, 
-14, 
-2, 
-4, 
-12, 
-10, 
8, 
-22, 
-56, 
-12, 
-28, 
-18, 
-4, 
-10, 
-20, 
-24, 
-48, 
-16, 
12, 
32, 
-16, 
-20, 
-16, 
-26, 
-16, 
-30, 
-36, 
-2, 
-40, 
-40, 
-30, 
-50, 
-44, 
-48, 
-38, 
-42, 
-4, 
-38, 
-34, 
-70, 
-18, 
-18, 
-24, 
-26, 
14, 
-28, 
-20, 
-30, 
-26, 
-2, 
-36, 
-48, 
-34, 
-48, 
-28, 
-10, 
8, 
-10, 
-28, 
-42, 
-24, 
-34, 
-34, 
-8, 
-18, 
-30, 
-16, 
-4, 
-8, 
-16, 
-24, 
-26, 
0, 
-70, 
-20, 
-28, 
-22, 
-14, 
-16, 
-10, 
-34, 
-42, 
2, 
-28, 
-16, 
18, 
-22, 
-26, 
-30, 
-28, 
-4, 
-4, 
-38, 
-20, 
-14, 
-42, 
-24, 
-18, 
-20, 
-16, 
-10, 
-18, 
12, 
-20, 
-26, 
-26, 
-8, 
-28, 
-34, 
-30, 
-28, 
24, 
6, 
-38, 
-42, 
-28, 
-18, 
-56, 
-34, 
-18, 
6, 
-38, 
-16, 
-22, 
-46, 
8, 
-44, 
-26, 
-28, 
-54, 
-20, 
-44, 
-10, 
-40, 
-30, 
-44, 
-34, 
-34, 
-20, 
-20, 
0, 
-16, 
-36, 
-4, 
-14, 
-26, 
-26, 
-26, 
-18, 
-64, 
6, 
-42, 
-20, 
-32, 
-8, 
-24, 
-36, 
-16, 
-36, 
-40, 
14, 
-6, 
-38, 
8, 
4, 
26, 
-66, 
-12, 
-26, 
-46, 
-42, 
-44, 
-36, 
-34, 
-18, 
-34, 
-50, 
-34, 
-20, 
-18, 
-14, 
42, 
-50, 
-66, 
-18, 
62, 
-90, 
-66, 
-16, 
-14, 
-66, 
-20, 
2, 
-14, 
-46, 
-78, 
30, 
-24, 
-18, 
-48, 
-34, 
-24, 
-10, 
36, 
-28, 
-82, 
-10, 
22, 
-10, 
-22, 
-44, 
-46, 
-30, 
-6, 
-56, 
-44, 
20, 
-68, 
-28, 
20, 
-26, 
-30, 
-8, 
-18, 
-58, 
-40, 
-18, 
-48, 
28, 
-70, 
-20, 
-46, 
-40, 
-36, 
-20, 
-30, 
10, 
-38, 
-2, 
-18, 
-18, 
-54, 
-38, 
28, 
6, 
-42, 
-76, 
-22, 
-2, 
-60, 
-40, 
-42, 
-26, 
-34, 
-8, 
-24, 
-20, 
-50, 
16, 
-86, 
-26, 
-34, 
-28, 
4, 
-12, 
-44, 
-38, 
-42, 
24, 
-50, 
-8, 
-24, 
-12, 
12, 
-12, 
-16, 
-22, 
-38, 
30, 
-36, 
-16, 
-34, 
-64, 
-12, 
-34, 
-50, 
-50, 
-12, 
-26, 
-42, 
-44, 
-36, 
-14, 
-4, 
-28, 
-56, 
-24, 
-32, 
-18, 
-32, 
-26, 
-30, 
-6, 
2, 
-28, 
-48, 
-34, 
-30, 
2, 
24, 
-56, 
-2, 
-20, 
-44, 
-24, 
-2, 
-26, 
-48, 
-16, 
-62, 
-16, 
-20, 
0, 
-8, 
-96, 
-50, 
-10, 
-40, 
10, 
-44, 
-38, 
-16, 
-40, 
-12, 
-18, 
4, 
14, 
-42, 
20, 
-8, 
-36, 
-40, 
-64, 
28, 
-36, 
-32, 
-10, 
14, 
-14, 
-28, 
-2, 
-4, 
8, 
-14, 
-26, 
-18, 
-6, 
-42, 
20, 
-26, 
-36, 
-28, 
0, 
8, 
-36, 
-64, 
-54, 
-24, 
-10, 
-30, 
-50, 
-20, 
-10, 
26, 
-8, 
0, 
-30, 
-60, 
16, 
-10, 
-10, 
-38, 
-30, 
-20, 
-34, 
-32, 
-4, 
-36, 
16, 
-28, 
-18, 
12, 
-36, 
-32, 
-40, 
-22, 
-24, 
10, 
-10, 
-22, 
-30, 
-24, 
-34, 
-14, 
-30, 
-66, 
-20, 
-34, 
-6, 
-66, 
-54, 
-38, 
-44, 
-16, 
-16, 
12, 
-8, 
-18, 
-18, 
2, 
-4, 
-32, 
-16, 
-2, 
-16, 
-44, 
-50, 
-48, 
-10, 
-44, 
-58, 
16, 
-42, 
18, 
-20, 
20, 
-48, 
-48, 
-10, 
-50, 
-26, 
-18, 
-22, 
2, 
8, 
-18, 
-16, 
-20, 
-38, 
-34, 
-18, 
-2, 
-8, 
-28, 
-50, 
-6, 
-18, 
2, 
-24, 
-24, 
-68, 
-44, 
-24, 
12, 
-26, 
-14, 
-12, 
-48, 
22, 
-46, 
10, 
-30, 
-34, 
0, 
-32, 
-18, 
-6, 
-32, 
0, 
-22, 
-28, 
-36, 
-24, 
-8, 
-32, 
-36, 
-8, 
-18, 
-34, 
-4, 
-38, 
-36, 
-30, 
6, 
-42, 
-32, 
-12, 
-40, 
-14, 
-40, 
-10, 
-4, 
-18, 
12, 
-34, 
6, 
-26, 
-54, 
-8, 
-22, 
-18, 
-44, 
-18, 
12, 
-34, 
-4, 
-6, 
18, 
-16, 
-26, 
-48, 
-52, 
-30, 
18, 
-6, 
-24, 
-36, 
-58, 
-16, 
-14, 
-44, 
-52, 
-52, 
-12, 
-8, 
12, 
-60, 
-40, 
-36, 
-24, 
-20, 
-36, 
-24, 
-26, 
-60, 
-44, 
-18, 
-36, 
-2, 
-22, 
-20, 
-4, 
-2, 
4, 
-40, 
-18, 
-48, 
-50, 
-16, 
-2, 
-20, 
-28, 
-12, 
-8, 
-28, 
-42, 
-50, 
-32, 
2, 
-10, 
6, 
-16, 
-28, 
-16, 
-14, 
-2, 
-32, 
-42, 
-4, 
-28, 
-38, 
-50, 
-26, 
-16, 
-54, 
-62, 
-20, 
-22, 
18, 
-22, 
-10, 
-18, 
-12, 
4, 
-16, 
-40, 
0, 
-48, 
-26, 
-12, 
-58, 
-14, 
-50, 
-42, 
-26, 
16, 
-16, 
-6, 
42, 
-10, 
-6, 
-2, 
-38, 
-46, 
-42, 
-50, 
-34, 
-8, 
-2, 
-22, 
-128, 
-54, 
10, 
2, 
-4, 
-16, 
-36, 
-50, 
24, 
-6, 
-26, 
16, 
-38, 
-26, 
-12, 
-6, 
-66, 
-36, 
-8, 
-18, 
-8, 
-12, 
0, 
4, 
-18, 
-36, 
-26, 
-4, 
4, 
22, 
-28, 
-26, 
-20, 
-34, 
-6, 
-28, 
-40, 
-36, 
-40, 
-40, 
-16, 
-60, 
-48, 
-20, 
-38, 
-36, 
-40, 
-20, 
34, 
-26, 
-24, 
-22, 
6, 
-26, 
-30, 
-60, 
-22, 
-36, 
20, 
-44, 
14, 
-22, 
-20, 
12, 
-18, 
-18, 
-50, 
-22, 
24, 
-2, 
-62, 
-48, 
-18, 
-22, 
-18, 
-26, 
-52, 
-24, 
-12, 
-8, 
-44, 
-50, 
-4, 
0, 
18, 
-22, 
-28, 
-34, 
-18, 
-54, 
-12, 
-24, 
-34, 
-32, 
-34, 
-10, 
-26, 
-46, 
-34, 
-44, 
-48, 
-44, 
-24, 
12, 
-26, 
-32, 
-4, 
-6, 
8, 
-44, 
-46, 
-24, 
-18, 
-36, 
-58, 
-18, 
-24, 
-44, 
-10, 
-34, 
0, 
-34, 
-14, 
-18, 
-24, 
-28, 
-2, 
0, 
18, 
2, 
-22, 
-34, 
-36, 
-28, 
-56, 
-30, 
-52, 
-14, 
-18, 
12, 
-52, 
-42, 
10, 
-20, 
-26, 
-24, 
-38, 
4, 
-12, 
10, 
-46, 
-20, 
-38, 
-20, 
-24, 
-74, 
-22, 
-30, 
-6, 
-20, 
-102, 
-58, 
-34, 
-10, 
26, 
-18, 
-2, 
-38, 
-24, 
-16, 
-22, 
-22, 
-56, 
-4, 
-22, 
-20, 
-44, 
-20, 
-28, 
-20, 
-10, 
-18, 
-6, 
-10, 
-8, 
-16, 
-10, 
-24, 
8, 
6, 
-54, 
-48, 
-32, 
-26, 
-14, 
-24, 
-34, 
-38, 
-4, 
-40, 
-18, 
-2, 
-8, 
-6, 
-20, 
-6, 
-30, 
-20, 
-50, 
-18, 
-42, 
-46, 
-2, 
-28, 
-26, 
-54, 
-28, 
-32, 
-4, 
-10, 
-30, 
-18, 
-4, 
6, 
-34, 
-34, 
2, 
-4, 
-24, 
0, 
-42, 
-60, 
-36, 
-50, 
-24, 
-40, 
-32, 
-26, 
-32, 
-10, 
-42, 
-32, 
-20, 
-26, 
-12, 
-2, 
-28, 
-18, 
0, 
-44, 
-52, 
-66, 
-30, 
-50, 
-22, 
-32, 
-16, 
-4, 
-4, 
-10, 
-42, 
-28, 
30, 
2, 
-22, 
-44, 
-18, 
-60, 
-32, 
-40, 
-18, 
-32, 
-18, 
-34, 
-14, 
-28, 
-26, 
-34, 
-24, 
-26, 
-18, 
-34, 
16, 
10, 
-18, 
-32, 
24, 
-56, 
-24, 
-16, 
-24, 
-24, 
-24, 
-4, 
-18, 
-24, 
-32, 
-14, 
-8, 
-4, 
-12, 
-24, 
-26, 
-8, 
-4, 
-50, 
-34, 
2, 
-20, 
-24, 
-46, 
-30, 
-34, 
-44, 
-42, 
-42, 
4, 
-12, 
-20, 
-34, 
-58, 
-8, 
-28, 
-66, 
0, 
-28, 
-2, 
-16, 
-10, 
-16, 
-46, 
-42, 
-30, 
-6, 
-36, 
-54, 
-8, 
-40, 
-36, 
-14, 
-34, 
10, 
-6, 
-18, 
18, 
-12, 
-14, 
-40, 
-32, 
-48, 
-50, 
-24, 
-40, 
2, 
-26, 
-32, 
-16, 
8, 
2, 
-12, 
-32, 
-8, 
-14, 
-40, 
-14, 
-52, 
-22, 
-28, 
-26, 
-44, 
-50, 
-34, 
-16, 
-38, 
20, 
-12, 
-18, 
-28, 
-22, 
-20, 
26, 
-32, 
-10, 
-8, 
-30, 
-44, 
-34, 
-28, 
-8, 
-8, 
-14, 
-6, 
-38, 
-2, 
-16, 
-36, 
-34, 
-32, 
8, 
18, 
-32, 
-28, 
-14, 
-20, 
-40, 
-40, 
-36, 
-50, 
-20, 
-14, 
-42, 
-26, 
0, 
-16, 
-26, 
-26, 
-14, 
-22, 
-24, 
-18, 
-8, 
-20, 
-18, 
-40, 
-10, 
-22, 
-20, 
-48, 
-46, 
-6, 
-32, 
-198, 
-222, 
252, 
-338, 
-256, 
220, 
-388, 
-60, 
208, 
-250, 
-2, 
130, 
-274, 
2, 
134, 
-282, 
62, 
16, 
-378, 
136, 
18, 
-366, 
134, 
36, 
-392, 
176, 
110, 
-512, 
184, 
86, 
-404, 
186, 
68, 
-420, 
114, 
60, 
-414, 
216, 
-60, 
-460, 
312, 
-60, 
-458, 
390, 
14, 
-510, 
374, 
26, 
-512, 
358, 
34, 
-492, 
358, 
28, 
-464, 
360, 
16, 
-460, 
406, 
-34, 
-460, 
440, 
-66, 
-448, 
500, 
-20, 
-448, 
496, 
14, 
-510, 
482, 
-10, 
-478, 
508, 
14, 
-414, 
472, 
-6, 
-396, 
470, 
28, 
-404, 
488, 
28, 
-344, 
510, 
-20, 
-310, 
538, 
-48, 
-352, 
576, 
-76, 
-410, 
558, 
-16, 
-436, 
520, 
-24, 
-450, 
524, 
-20, 
-404, 
536, 
-14, 
-388, 
494, 
-18, 
-352, 
384, 
-30, 
-296, 
390, 
-62, 
-322, 
408, 
-78, 
-308, 
400, 
-80, 
-288, 
336, 
-130, 
-318, 
402, 
-50, 
-272, 
344, 
-48, 
-328, 
286, 
-70, 
-284, 
262, 
-102, 
-234, 
224, 
-70, 
-146, 
166, 
-146, 
-126, 
178, 
-142, 
-154, 
180, 
-140, 
-84, 
200, 
-208, 
-104, 
186, 
-222, 
-166, 
146, 
-226, 
-130, 
132, 
-216, 
-120, 
144, 
-208, 
-42, 
80, 
-256, 
-16, 
84, 
-296, 
26, 
64, 
-332, 
40, 
46, 
-354, 
80, 
54, 
-392, 
90, 
114, 
-420, 
110, 
78, 
-420, 
114, 
48, 
-410, 
118, 
46, 
-404, 
150, 
58, 
-450, 
202, 
38, 
-416, 
216, 
-4, 
-398, 
302, 
10, 
-462, 
278, 
54, 
-508, 
340, 
64, 
-482, 
266, 
60, 
-466, 
306, 
22, 
-462, 
346, 
38, 
-400, 
358, 
8, 
-408, 
422, 
30, 
-428, 
430, 
44, 
-440, 
428, 
78, 
-472, 
442, 
58, 
-494, 
420, 
98, 
-412, 
436, 
74, 
-430, 
434, 
84, 
-396, 
446, 
92, 
-394, 
420, 
54, 
-378, 
486, 
30, 
-402, 
460, 
66, 
-424, 
462, 
46, 
-434, 
438, 
56, 
-432, 
478, 
80, 
-430, 
410, 
68, 
-418, 
386, 
92, 
-372, 
318, 
64, 
-334, 
304, 
24, 
-316, 
356, 
-12, 
-326, 
340, 
-26, 
-288, 
352, 
36, 
-290, 
330, 
-30, 
-292, 
324, 
-2, 
-304, 
286, 
-10, 
-286, 
260, 
-4, 
-250, 
206, 
-64, 
-220, 
190, 
-72, 
-202, 
170, 
-90, 
-152, 
186, 
-106, 
-194, 
190, 
-160, 
-178, 
180, 
-180, 
-200, 
140, 
-162, 
-184, 
132, 
-176, 
-128, 
144, 
-230, 
-80, 
116, 
-266, 
-74, 
86, 
-310, 
-48, 
150, 
-340, 
-50, 
98, 
-352, 
-12, 
98, 
-344, 
-10, 
96, 
-356, 
42, 
100, 
-354, 
96, 
72, 
-458, 
96, 
68, 
-432, 
76, 
72, 
-476, 
166, 
90, 
-444, 
134, 
100, 
-416, 
128, 
102, 
-458, 
174, 
96, 
-434, 
218, 
78, 
-492, 
186, 
56, 
-462, 
232, 
62, 
-490, 
222, 
126, 
-462, 
238, 
142, 
-426, 
248, 
104, 
-450, 
278, 
126, 
-434, 
274, 
78, 
-444, 
318, 
110, 
-456, 
332, 
94, 
-476, 
342, 
152, 
-472, 
342, 
134, 
-452, 
324, 
168, 
-382, 
334, 
136, 
-430, 
334, 
100, 
-422, 
388, 
108, 
-394, 
338, 
110, 
-402, 
364, 
132, 
-392, 
356, 
152, 
-402, 
376, 
156, 
-356, 
334, 
94, 
-370, 
294, 
118, 
-378, 
310, 
96, 
-390, 
298, 
92, 
-336, 
332, 
136, 
-318, 
290, 
104, 
-272, 
266, 
96, 
-328, 
250, 
94, 
-320, 
256, 
82, 
-274, 
238, 
70, 
-286, 
254, 
90, 
-264, 
228, 
126, 
-264, 
206, 
80, 
-244, 
196, 
36, 
-250, 
166, 
50, 
-210, 
184, 
30, 
-196, 
196, 
-26, 
-220, 
168, 
0, 
-218, 
200, 
-30, 
-192, 
126, 
-28, 
-142, 
122, 
-66, 
-212, 
132, 
-94, 
-108, 
112, 
-130, 
-146, 
94, 
-144, 
-46, 
178, 
-162, 
-112, 
122, 
-218, 
-74, 
78, 
-238, 
-106, 
74, 
-276, 
-70, 
136, 
-240, 
-28, 
96, 
-288, 
6, 
70, 
-328, 
8, 
86, 
-308, 
26, 
88, 
-378, 
26, 
102, 
-378, 
26, 
90, 
-376, 
54, 
106, 
-376, 
94, 
102, 
-398, 
78, 
96, 
-388, 
100, 
104, 
-400, 
74, 
96, 
-438, 
88, 
96, 
-466, 
120, 
86, 
-408, 
184, 
110, 
-458, 
160, 
132, 
-376, 
210, 
128, 
-434, 
190, 
138, 
-414, 
182, 
128, 
-430, 
186, 
138, 
-430, 
234, 
166, 
-406, 
216, 
150, 
-414, 
270, 
174, 
-402, 
236, 
166, 
-386, 
262, 
118, 
-406, 
288, 
128, 
-388, 
238, 
164, 
-418, 
262, 
142, 
-366, 
288, 
164, 
-384, 
252, 
164, 
-370, 
222, 
168, 
-370, 
202, 
166, 
-348, 
234, 
186, 
-332, 
212, 
150, 
-312, 
238, 
152, 
-308, 
240, 
168, 
-278, 
264, 
158, 
-282, 
252, 
152, 
-284, 
192, 
172, 
-304, 
182, 
156, 
-240, 
190, 
138, 
-272, 
220, 
110, 
-216, 
186, 
114, 
-252, 
188, 
94, 
-200, 
184, 
92, 
-220, 
170, 
80, 
-244, 
192, 
76, 
-276, 
204, 
88, 
-194, 
154, 
30, 
-184, 
152, 
22, 
-178, 
172, 
42, 
-170, 
144, 
-32, 
-170, 
166, 
-54, 
-164, 
144, 
-44, 
-174, 
148, 
-56, 
-140, 
176, 
-138, 
-128, 
140, 
-114, 
-112, 
102, 
-160, 
-132, 
116, 
-198, 
-120, 
150, 
-198, 
-64, 
140, 
-262, 
-84, 
142, 
-258, 
-82, 
130, 
-272, 
-46, 
122, 
-290, 
-34, 
110, 
-330, 
-36, 
142, 
-362, 
0, 
128, 
-348, 
2, 
140, 
-320, 
34, 
156, 
-336, 
8, 
148, 
-376, 
10, 
126, 
-394, 
52, 
126, 
-416, 
60, 
182, 
-390, 
28, 
192, 
-432, 
64, 
210, 
-386, 
94, 
172, 
-388, 
88, 
200, 
-396, 
68, 
162, 
-396, 
120, 
146, 
-426, 
110, 
192, 
-432, 
94, 
188, 
-352, 
158, 
198, 
-382, 
142, 
194, 
-410, 
132, 
202, 
-370, 
134, 
210, 
-384, 
112, 
174, 
-402, 
184, 
182, 
-326, 
160, 
242, 
-336, 
152, 
206, 
-304, 
126, 
158, 
-314, 
150, 
200, 
-324, 
116, 
204, 
-286, 
122, 
164, 
-290, 
140, 
190, 
-272, 
142, 
222, 
-286, 
148, 
226, 
-242, 
162, 
150, 
-268, 
142, 
154, 
-256, 
110, 
164, 
-234, 
160, 
180, 
-236, 
128, 
170, 
-228, 
168, 
136, 
-194, 
136, 
112, 
-208, 
134, 
116, 
-182, 
102, 
52, 
-178, 
110, 
62, 
-180, 
128, 
74, 
-180, 
120, 
50, 
-142, 
126, 
50, 
-168, 
128, 
4, 
-174, 
120, 
-8, 
-162, 
126, 
-48, 
-154, 
130, 
-34, 
-116, 
100, 
-40, 
-108, 
118, 
-104, 
-110, 
126, 
-98, 
-106, 
78, 
-154, 
-94, 
112, 
-150, 
-102, 
106, 
-198, 
-84, 
146, 
-186, 
-70, 
148, 
-202, 
-114, 
112, 
-230, 
-32, 
114, 
-270, 
-18, 
146, 
-264, 
-44, 
122, 
-280, 
-8, 
138, 
-304, 
-10, 
176, 
-326, 
14, 
164, 
-338, 
4, 
136, 
-310, 
-14, 
162, 
-376, 
-28, 
148, 
-386, 
40, 
170, 
-348, 
22, 
170, 
-332, 
-2, 
212, 
-350, 
64, 
130, 
-336, 
72, 
182, 
-330, 
42, 
140, 
-334, 
58, 
152, 
-330, 
74, 
180, 
-362, 
38, 
188, 
-280, 
64, 
208, 
-336, 
82, 
180, 
-292, 
46, 
180, 
-300, 
72, 
200, 
-306, 
88, 
192, 
-278, 
90, 
176, 
-262, 
96, 
214, 
-276, 
84, 
236, 
-274, 
78, 
198, 
-240, 
76, 
160, 
-262, 
78, 
188, 
-242, 
98, 
178, 
-232, 
76, 
180, 
-218, 
110, 
196, 
-220, 
100, 
148, 
-238, 
86, 
174, 
-238, 
110, 
174, 
-218, 
70, 
110, 
-198, 
86, 
110, 
-174, 
126, 
150, 
-188, 
120, 
126, 
-164, 
96, 
96, 
-158, 
102, 
96, 
-168, 
78, 
78, 
-174, 
128, 
94, 
-142, 
110, 
76, 
-158, 
130, 
46, 
-124, 
146, 
-18, 
-154, 
130, 
8, 
-152, 
112, 
-28, 
-128, 
102, 
-30, 
-122, 
138, 
-64, 
-138, 
122, 
-54, 
-130, 
110, 
-80, 
-112, 
118, 
-102, 
-120, 
120, 
-154, 
-110, 
146, 
-174, 
-126, 
152, 
-190, 
-78, 
138, 
-194, 
-66, 
150, 
-190, 
-68, 
160, 
-206, 
-42, 
166, 
-254, 
-96, 
180, 
-258, 
-66, 
160, 
-268, 
-52, 
146, 
-278, 
-30, 
192, 
-274, 
-58, 
198, 
-258, 
2, 
184, 
-328, 
-36, 
190, 
-326, 
-16, 
212, 
-338, 
-14, 
162, 
-316, 
-34, 
182, 
-290, 
-44, 
198, 
-264, 
-12, 
192, 
-282, 
-4, 
202, 
-294, 
-26, 
208, 
-290, 
-42, 
196, 
-290, 
-8, 
210, 
-296, 
-18, 
218, 
-262, 
22, 
214, 
-290, 
24, 
212, 
-262, 
-14, 
190, 
-258, 
6, 
188, 
-240, 
10, 
176, 
-246, 
10, 
210, 
-220, 
44, 
214, 
-260, 
36, 
176, 
-230, 
64, 
214, 
-216, 
42, 
138, 
-202, 
46, 
176, 
-212, 
32, 
160, 
-170, 
76, 
168, 
-192, 
62, 
176, 
-212, 
50, 
148, 
-186, 
50, 
90, 
-164, 
26, 
138, 
-164, 
64, 
96, 
-164, 
70, 
86, 
-152, 
54, 
100, 
-136, 
80, 
96, 
-112, 
98, 
78, 
-150, 
68, 
54, 
-182, 
50, 
40, 
-152, 
84, 
16, 
-112, 
90, 
26, 
-162, 
72, 
-6, 
-98, 
96, 
-28, 
-126, 
102, 
-24, 
-130, 
122, 
-46, 
-110, 
110, 
-118, 
-162, 
112, 
-88, 
-114, 
144, 
-106, 
-102, 
144, 
-108, 
-98, 
124, 
-108, 
-122, 
156, 
-150, 
-106, 
144, 
-156, 
-100, 
150, 
-170, 
-72, 
154, 
-164, 
-66, 
174, 
-164, 
-122, 
144, 
-230, 
-80, 
144, 
-210, 
-48, 
148, 
-230, 
-92, 
154, 
-208, 
-66, 
176, 
-208, 
-64, 
178, 
-254, 
-72, 
170, 
-208, 
-106, 
210, 
-242, 
-70, 
178, 
-258, 
-56, 
160, 
-236, 
-56, 
136, 
-250, 
-74, 
166, 
-224, 
-40, 
158, 
-266, 
-62, 
186, 
-224, 
-40, 
144, 
-248, 
-20, 
214, 
-220, 
-36, 
142, 
-210, 
-44, 
216, 
-222, 
-10, 
150, 
-176, 
-32, 
182, 
-186, 
-4, 
192, 
-202, 
-40, 
152, 
-204, 
32, 
122, 
-194, 
-8, 
162, 
-148, 
14, 
140, 
-138, 
38, 
126, 
-174, 
22, 
122, 
-190, 
28, 
114, 
-172, 
32, 
112, 
-138, 
26, 
94, 
-156, 
16, 
106, 
-148, 
22, 
118, 
-102, 
56, 
104, 
-134, 
36, 
86, 
-124, 
52, 
84, 
-144, 
70, 
34, 
-156, 
58, 
38, 
-126, 
26, 
56, 
-138, 
78, 
84, 
-152, 
96, 
36, 
-112, 
56, 
10, 
-156, 
76, 
4, 
-130, 
88, 
-42, 
-128, 
62, 
-10, 
-162, 
132, 
-12, 
-112, 
154, 
-30, 
-98, 
112, 
-54, 
-134, 
116, 
-42, 
-128, 
130, 
-106, 
-102, 
114, 
-112, 
-70, 
122, 
-92, 
-80, 
174, 
-124, 
-116, 
154, 
-134, 
-86, 
174, 
-158, 
-108, 
150, 
-152, 
-100, 
160, 
-160, 
-86, 
182, 
-182, 
-118, 
174, 
-162, 
-58, 
184, 
-154, 
-90, 
200, 
-178, 
-104, 
86, 
-200, 
-102, 
164, 
-192, 
-82, 
168, 
-194, 
-112, 
166, 
-172, 
-64, 
176, 
-184, 
-56, 
214, 
-208, 
-102, 
178, 
-166, 
-100, 
166, 
-252, 
-56, 
172, 
-232, 
-84, 
164, 
-216, 
-64, 
158, 
-198, 
-52, 
182, 
-192, 
-60, 
148, 
-206, 
-36, 
136, 
-200, 
-72, 
156, 
-174, 
-62, 
154, 
-220, 
-18, 
146, 
-202, 
-20, 
180, 
-128, 
-36, 
146, 
-146, 
-10, 
148, 
-174, 
12, 
118, 
-160, 
-24, 
146, 
-176, 
16, 
116, 
-144, 
36, 
142, 
-174, 
-2, 
108, 
-130, 
22, 
120, 
-150, 
18, 
118, 
-118, 
18, 
94, 
-164, 
72, 
76, 
-146, 
62, 
82, 
-130, 
48, 
32, 
-132, 
58, 
56, 
-158, 
34, 
48, 
-126, 
74, 
42, 
-146, 
58, 
48, 
-136, 
88, 
34, 
-122, 
96, 
26, 
-124, 
98, 
-4, 
-148, 
136, 
10, 
-118, 
104, 
-34, 
-108, 
102, 
-72, 
-132, 
126, 
-28, 
-124, 
102, 
-42, 
-124, 
138, 
-54, 
-142, 
150, 
-70, 
-116, 
118, 
-80, 
-128, 
176, 
-110, 
-114, 
160, 
-96, 
-158, 
158, 
-106, 
-110, 
140, 
-134, 
-120, 
150, 
-136, 
-112, 
182, 
-112, 
-52, 
154, 
-130, 
-142, 
182, 
-146, 
-122, 
112, 
-142, 
-136, 
166, 
-142, 
-96, 
150, 
-130, 
-82, 
168, 
-144, 
-108, 
178, 
-170, 
-100, 
134, 
-122, 
-80, 
182, 
-136, 
-96, 
162, 
-158, 
-74, 
156, 
-162, 
-104, 
190, 
-120, 
-92, 
154, 
-112, 
-84, 
146, 
-128, 
-130, 
128, 
-122, 
-50, 
112, 
-182, 
-74, 
144, 
-116, 
-62, 
126, 
-118, 
-46, 
148, 
-140, 
-60, 
114, 
-82, 
-30, 
90, 
-162, 
-54, 
94, 
-110, 
-84, 
100, 
-86, 
-2, 
100, 
-144, 
-6, 
104, 
-116, 
48, 
76, 
-132, 
-22, 
80, 
-116, 
20, 
46, 
-158, 
38, 
76, 
-146, 
2, 
74, 
-120, 
6, 
40, 
-114, 
28, 
34, 
-94, 
32, 
-8, 
-92, 
44, 
32, 
-138, 
32, 
36, 
-130, 
46, 
10, 
-120, 
60, 
26, 
-92, 
52, 
14, 
-84, 
64, 
32, 
-110, 
76, 
-8, 
-118, 
96, 
-16, 
-88, 
72, 
-36, 
-98, 
78, 
-66, 
-106, 
94, 
-28, 
-110, 
96, 
-34, 
-146, 
90, 
-60, 
-130, 
62, 
-46, 
-100, 
140, 
-86, 
-110, 
108, 
-82, 
-104, 
140, 
-66, 
-112, 
152, 
-70, 
-128, 
122, 
-88, 
-130, 
176, 
-76, 
-94, 
136, 
-102, 
-144, 
136, 
-110, 
-146, 
132, 
-104, 
-120, 
166, 
-112, 
-136, 
148, 
-118, 
-132, 
162, 
-100, 
-132, 
148, 
-142, 
-146, 
160, 
-106, 
-136, 
146, 
-132, 
-122, 
134, 
-110, 
-90, 
144, 
-134, 
-98, 
118, 
-114, 
-116, 
136, 
-118, 
-104, 
146, 
-122, 
-90, 
140, 
-156, 
-76, 
156, 
-140, 
-92, 
86, 
-128, 
-96, 
164, 
-122, 
-70, 
136, 
-118, 
-80, 
96, 
-154, 
-92, 
90, 
-148, 
-70, 
140, 
-158, 
-76, 
106, 
-104, 
-94, 
120, 
-106, 
-20, 
110, 
-142, 
-58, 
122, 
-112, 
-16, 
70, 
-110, 
-42, 
70, 
-142, 
-32, 
68, 
-112, 
-6, 
86, 
-136, 
16, 
66, 
-128, 
50, 
50, 
-148, 
38, 
80, 
-142, 
34, 
54, 
-164, 
46, 
44, 
-142, 
30, 
0, 
-94, 
54, 
20, 
-102, 
34, 
36, 
-96, 
66, 
28, 
-138, 
46, 
40, 
-140, 
78, 
-24, 
-146, 
46, 
-6, 
-104, 
90, 
12, 
-136, 
50, 
-42, 
-130, 
106, 
-8, 
-128, 
80, 
10, 
-134, 
96, 
-68, 
-118, 
108, 
-24, 
-126, 
112, 
-26, 
-124, 
124, 
-22, 
-132, 
112, 
-12, 
-96, 
106, 
-10, 
-132, 
100, 
-30, 
-124, 
100, 
-56, 
-154, 
126, 
-58, 
-130, 
142, 
-54, 
-162, 
114, 
-114, 
-138, 
132, 
-92, 
-112, 
136, 
-78, 
-120, 
124, 
-90, 
-150, 
118, 
-74, 
-116, 
140, 
-54, 
-162, 
148, 
-66, 
-98, 
118, 
-62, 
-92, 
82, 
-76, 
-102, 
136, 
-78, 
-110, 
124, 
-110, 
-162, 
82, 
-74, 
-138, 
126, 
-84, 
-100, 
136, 
-78, 
-126, 
122, 
-102, 
-110, 
130, 
-102, 
-106, 
114, 
-68, 
-64, 
86, 
-96, 
-114, 
108, 
-98, 
-72, 
110, 
-72, 
-102, 
88, 
-84, 
-50, 
106, 
-40, 
-66, 
84, 
-92, 
-94, 
76, 
-72, 
-66, 
70, 
-130, 
-70, 
98, 
-86, 
-28, 
78, 
-102, 
-18, 
34, 
-82, 
-74, 
78, 
-92, 
-18, 
58, 
-124, 
-4, 
46, 
-120, 
-18, 
72, 
-116, 
-18, 
62, 
-98, 
20, 
22, 
-90, 
6, 
40, 
-122, 
14, 
30, 
-120, 
-32, 
32, 
-90, 
38, 
14, 
-80, 
24, 
-10, 
-114, 
46, 
30, 
-146, 
36, 
48, 
-90, 
78, 
16, 
-86, 
46, 
4, 
-130, 
64, 
8, 
-104, 
52, 
-32, 
-96, 
82, 
-34, 
-108, 
54, 
-2, 
-94, 
110, 
-36, 
-104, 
60, 
-26, 
-142, 
64, 
-44, 
-94, 
108, 
-24, 
-154, 
86, 
-24, 
-96, 
90, 
-38, 
-92, 
116, 
-14, 
-138, 
108, 
-22, 
-148, 
96, 
-34, 
-134, 
100, 
-42, 
-118, 
128, 
-64, 
-124, 
104, 
-62, 
-116, 
120, 
-30, 
-120, 
106, 
-14, 
-108, 
108, 
-58, 
-120, 
106, 
-48, 
-162, 
122, 
-74, 
-114, 
94, 
-56, 
-124, 
110, 
-64, 
-114, 
104, 
-80, 
-114, 
130, 
-44, 
-78, 
94, 
-76, 
-98, 
90, 
-90, 
-136, 
82, 
-56, 
-96, 
82, 
-84, 
-78, 
90, 
-78, 
-64, 
54, 
-64, 
-42, 
84, 
-62, 
-60, 
30, 
-106, 
-90, 
50, 
-84, 
-40, 
100, 
-82, 
-78, 
42, 
-86, 
-32, 
46, 
-100, 
-46, 
54, 
-98, 
-24, 
52, 
-120, 
-40, 
82, 
-98, 
-48, 
20, 
-126, 
-14, 
52, 
-60, 
-36, 
48, 
-82, 
8, 
44, 
-110, 
-36, 
34, 
-74, 
-4, 
42, 
-114, 
18, 
22, 
-132, 
-50, 
52, 
-102, 
10, 
-16, 
-150, 
-2, 
38, 
-106, 
38, 
16, 
-118, 
28, 
14, 
-118, 
48, 
-10, 
-148, 
36, 
44, 
-96, 
46, 
28, 
-108, 
14, 
36, 
-142, 
64, 
24, 
-116, 
40, 
26, 
-98, 
82, 
-10, 
-156, 
50, 
-8, 
-152, 
66, 
44, 
-130, 
80, 
34, 
-112, 
82, 
-2, 
-116, 
80, 
-2, 
-130, 
98, 
-28, 
-146, 
62, 
-44, 
-146, 
104, 
-34, 
-124, 
66, 
-4, 
-136, 
108, 
-32, 
-144, 
74, 
-2, 
-100, 
108, 
-32, 
-178, 
126, 
-8, 
-134, 
88, 
-24, 
-118, 
102, 
-12, 
-142, 
86, 
-34, 
-102, 
82, 
-10, 
-142, 
104, 
-42, 
-120, 
74, 
-52, 
-114, 
78, 
-32, 
-92, 
64, 
-42, 
-114, 
82, 
-44, 
-114, 
86, 
-52, 
-110, 
96, 
-50, 
-94, 
72, 
-56, 
-110, 
110, 
-68, 
-122, 
66, 
-88, 
-100, 
72, 
-52, 
-90, 
68, 
-100, 
-86, 
82, 
-26, 
-72, 
72, 
-70, 
-74, 
38, 
-102, 
-60, 
102, 
-82, 
-66, 
14, 
-86, 
-56, 
46, 
-106, 
-26, 
72, 
-66, 
-44, 
40, 
-48, 
-36, 
24, 
-90, 
-20, 
58, 
-100, 
-24, 
60, 
-136, 
-36, 
36, 
-112, 
-18, 
56, 
-114, 
-22, 
50, 
-72, 
22, 
32, 
-128, 
10, 
14, 
-94, 
2, 
18, 
-112, 
54, 
-2, 
-114, 
62, 
20, 
-120, 
-26, 
-20, 
-110, 
36, 
48, 
-106, 
58, 
-4, 
-110, 
28, 
8, 
-122, 
42, 
24, 
-98, 
42, 
-2, 
-138, 
46, 
-2, 
-122, 
34, 
12, 
-134, 
78, 
24, 
-116, 
56, 
-12, 
-114, 
86, 
-26, 
-100, 
40, 
-26, 
-110, 
30, 
-34, 
-118, 
68, 
-6, 
-102, 
70, 
4, 
-100, 
56, 
-8, 
-114, 
68, 
-28, 
-102, 
38, 
-18, 
-130, 
82, 
-16, 
-128, 
46, 
0, 
-102, 
54, 
-12, 
-122, 
64, 
-20, 
-86, 
74, 
-54, 
-82, 
68, 
-20, 
-120, 
74, 
-98, 
-86, 
50, 
-62, 
-68, 
40, 
-20, 
-62, 
14, 
-74, 
-54, 
84, 
-54, 
-68, 
82, 
-40, 
-48, 
36, 
-68, 
-74, 
58, 
-56, 
-76, 
54, 
-48, 
-44, 
64, 
-48, 
-56, 
30, 
-66, 
-48, 
46, 
-38, 
-46, 
22, 
-58, 
-22, 
38, 
-92, 
-52, 
44, 
-82, 
-24, 
48, 
-94, 
-14, 
62, 
-66, 
-6, 
30, 
-92, 
-6, 
48, 
-100, 
-10, 
12, 
-104, 
0, 
70, 
-78, 
4, 
-2, 
-104, 
-4, 
-14, 
-106, 
-6, 
48, 
-92, 
-2, 
40, 
-148, 
28, 
8, 
-106, 
50, 
60, 
-116, 
44, 
-4, 
-126, 
40, 
22, 
-106, 
48, 
8, 
-140, 
34, 
2, 
-148, 
54, 
18, 
-100, 
10, 
12, 
-106, 
72, 
22, 
-114, 
46, 
26, 
-158, 
36, 
18, 
-144, 
72, 
10, 
-82, 
64, 
-26, 
-146, 
66, 
16, 
-136, 
50, 
2, 
-112, 
72, 
16, 
-122, 
46, 
0, 
-144, 
62, 
40, 
-116, 
74, 
8, 
-108, 
40, 
-8, 
-120, 
82, 
-40, 
-112, 
82, 
18, 
-128, 
50, 
-42, 
-108, 
42, 
-30, 
-122, 
82, 
-4, 
-96, 
82, 
6, 
-96, 
44, 
-44, 
-98, 
40, 
-36, 
-112, 
60, 
-4, 
-114, 
76, 
0, 
-90, 
42, 
-58, 
-78, 
44, 
-20, 
-70, 
62, 
-48, 
-70, 
70, 
-46, 
-126, 
-10, 
-82, 
-68, 
86, 
-58, 
-66, 
70, 
-52, 
-60, 
40, 
-32, 
-38, 
60, 
-8, 
-66, 
64, 
-70, 
-32, 
48, 
-36, 
-40, 
62, 
-52, 
-24, 
34, 
-80, 
-44, 
40, 
-64, 
-36, 
48, 
-90, 
-42, 
56, 
-98, 
-58, 
54, 
-64, 
0, 
18, 
-92, 
-20, 
48, 
-108, 
-38, 
36, 
-114, 
12, 
52, 
-84, 
-6, 
38, 
-102, 
-6, 
12, 
-108, 
-16, 
28, 
-122, 
-18, 
36, 
-82, 
-20, 
52, 
-110, 
24, 
44, 
-74, 
4, 
62, 
-100, 
22, 
28, 
-90, 
22, 
42, 
-86, 
20, 
48, 
-122, 
10, 
4, 
-114, 
52, 
-18, 
-110, 
40, 
18, 
-134, 
30, 
20, 
-106, 
32, 
44, 
-84, 
-8, 
20, 
-114, 
44, 
-18, 
-128, 
64, 
16, 
-84, 
60, 
32, 
-92, 
42, 
10, 
-102, 
28, 
18, 
-108, 
24, 
22, 
-112, 
36, 
-14, 
-70, 
46, 
26, 
-88, 
34, 
20, 
-94, 
52, 
-14, 
-80, 
24, 
10, 
-90, 
-4, 
-2, 
-92, 
28, 
0, 
-82, 
32, 
-34, 
-110, 
36, 
2, 
-106, 
30, 
-30, 
-42, 
64, 
-22, 
-78, 
42, 
-28, 
-56, 
26, 
-10, 
-86, 
2, 
-50, 
-44, 
32, 
20, 
-74, 
2, 
-20, 
-60, 
28, 
-42, 
-62, 
64, 
-40, 
-50, 
-2, 
-24, 
-22, 
38, 
-44, 
-78, 
18, 
-52, 
-36, 
46, 
-76, 
-52, 
22, 
-64, 
-20, 
58, 
-34, 
-8, 
66, 
-68, 
-18, 
22, 
-90, 
-58, 
12, 
-68, 
-34, 
42, 
-94, 
-14, 
32, 
-70, 
-40, 
32, 
-66, 
-4, 
24, 
-84, 
-8, 
34, 
-104, 
-10, 
32, 
-64, 
-4, 
26, 
-88, 
-2, 
44, 
-108, 
-8, 
44, 
-96, 
-6, 
46, 
-92, 
0, 
44, 
-90, 
-24, 
32, 
-130, 
-8, 
10, 
-34, 
22, 
86, 
-84, 
-4, 
26, 
-98, 
-6, 
48, 
-102, 
22, 
64, 
-90, 
22, 
14, 
-68, 
30, 
56, 
-114, 
24, 
12, 
-98, 
12, 
30, 
-120, 
40, 
18, 
-100, 
32, 
32, 
-88, 
32, 
4, 
-76, 
16, 
18, 
-110, 
28, 
54, 
-76, 
0, 
-6, 
-92, 
16, 
20, 
-72, 
44, 
28, 
-82, 
48, 
6, 
-92, 
30, 
-6, 
-80, 
44, 
-14, 
-106, 
60, 
-54, 
-68, 
-2, 
-10, 
-130, 
48, 
-4, 
-60, 
60, 
-42, 
-82, 
30, 
-10, 
-110, 
34, 
-66, 
-70, 
-2, 
-76, 
-70, 
54, 
-12, 
-68, 
42, 
-12, 
-84, 
16, 
-80, 
-56, 
48, 
-44, 
-70, 
46, 
-66, 
-34, 
28, 
-60, 
-88, 
28, 
-34, 
-62, 
8, 
-46, 
-32, 
46, 
-80, 
-46, 
58, 
-46, 
-58, 
40, 
-44, 
-48, 
38, 
-62, 
-36, 
16, 
-78, 
-36, 
30, 
-52, 
-34, 
42, 
-122, 
-30, 
24, 
-78, 
-34, 
34, 
-72, 
-18, 
26, 
-106, 
-50, 
32, 
-74, 
-16, 
10, 
-94, 
-8, 
44, 
-98, 
-2, 
26, 
-86, 
-12, 
8, 
-110, 
4, 
26, 
-74, 
-16, 
20, 
-106, 
-16, 
48, 
-90, 
-8, 
2, 
-120, 
-34, 
32, 
-96, 
42, 
18, 
-90, 
28, 
22, 
-104, 
-2, 
40, 
-82, 
-2, 
32, 
-90, 
12, 
16, 
-88, 
16, 
38, 
-98, 
-14, 
10, 
-46, 
32, 
44, 
-84, 
10, 
-10, 
-66, 
30, 
42, 
-96, 
18, 
28, 
-62, 
32, 
10, 
-130, 
32, 
-8, 
-114, 
10, 
-20, 
-64, 
4, 
2, 
-58, 
26, 
18, 
-78, 
48, 
-10, 
-90, 
22, 
-18, 
-44, 
-4, 
-6, 
-82, 
48, 
20, 
-94, 
26, 
-12, 
-50, 
12, 
-20, 
-72, 
38, 
-34, 
-90, 
14, 
-40, 
-58, 
-28, 
-32, 
-52, 
16, 
-48, 
-70, 
-18, 
-50, 
-50, 
26, 
-44, 
-68, 
18, 
-46, 
-70, 
-18, 
-52, 
-66, 
32, 
-20, 
-24, 
16, 
-66, 
-42, 
42, 
-24, 
-66, 
18, 
-60, 
-18, 
12, 
-74, 
-52, 
-4, 
-48, 
-34, 
46, 
-82, 
0, 
48, 
-74, 
-60, 
26, 
-80, 
0, 
8, 
-88, 
-20, 
16, 
-66, 
-4, 
28, 
-98, 
-34, 
14, 
-94, 
0, 
4, 
-98, 
-56, 
-2, 
-54, 
8, 
34, 
-68, 
-28, 
22, 
-64, 
-26, 
6, 
-64, 
-20, 
10, 
-68, 
-32, 
26, 
-70, 
-2, 
28, 
-66, 
-20, 
20, 
-100, 
12, 
36, 
-86, 
-24, 
20, 
-90, 
20, 
34, 
-56, 
-4, 
24, 
-86, 
-28, 
32, 
-40, 
-2, 
20, 
-78, 
6, 
30, 
-90, 
4, 
28, 
-92, 
22, 
12, 
-64, 
40, 
24, 
-92, 
20, 
-2, 
-108, 
-4, 
-28, 
-88, 
10, 
28, 
-76, 
6, 
-14, 
-50, 
16, 
-2, 
-102, 
14, 
2, 
-36, 
32, 
-24, 
-70, 
6, 
-42, 
-52, 
20, 
-58, 
-86, 
36, 
-10, 
-68, 
16, 
-18, 
-56, 
10, 
-26, 
-74, 
18, 
-38, 
-86, 
20, 
-50, 
-48, 
28, 
-8, 
-46, 
-2, 
-34, 
-74, 
4, 
-38, 
-26, 
12, 
-24, 
-46, 
22, 
-20, 
-52, 
54, 
-50, 
-38, 
28, 
-32, 
-66, 
40, 
-54, 
-34, 
22, 
-30, 
-66, 
62, 
-58, 
-46, 
22, 
-60, 
-44, 
76, 
-82, 
-8, 
14, 
-58, 
-32, 
52, 
-56, 
-86, 
28, 
-64, 
-34, 
42, 
-82, 
-34, 
36, 
-48, 
-6, 
32, 
-82, 
-48, 
-6, 
-64, 
4, 
40, 
-70, 
-62, 
30, 
-74, 
-16, 
0, 
-76, 
-16, 
8, 
-68, 
-20, 
36, 
-56, 
8, 
44, 
-88, 
-44, 
22, 
-98, 
-16, 
18, 
-80, 
-34, 
32, 
-64, 
-30, 
26, 
-20, 
12, 
6, 
-98, 
-30, 
46, 
-56, 
0, 
40, 
-88, 
-38, 
28, 
-96, 
-28, 
2, 
-106, 
-20, 
26, 
-64, 
-16, 
26, 
-100, 
-20, 
12, 
-98, 
-12, 
30, 
-78, 
14, 
-4, 
-68, 
-2, 
18, 
-90, 
2, 
-14, 
-60, 
-10, 
-18, 
-98, 
24, 
-2, 
-50, 
-10, 
-12, 
-40, 
-24, 
24, 
-46, 
16, 
-18, 
-64, 
-16, 
-6, 
-82, 
8, 
-36, 
-94, 
6, 
-24, 
-60, 
-2, 
-12, 
-40, 
16, 
-18, 
-54, 
28, 
12, 
-82, 
8, 
-20, 
-52, 
-32, 
-20, 
-50, 
12, 
-24, 
-60, 
-10, 
-24, 
-66, 
8, 
-22, 
-10, 
36, 
-46, 
-16, 
18, 
-84, 
-44, 
14, 
-40, 
-44, 
24, 
-30, 
-34, 
56, 
-68, 
-52, 
48, 
-36, 
-36, 
14, 
-26, 
-44, 
30, 
-58, 
-18, 
10, 
-56, 
-70, 
6, 
-82, 
-76, 
32, 
-56, 
-62, 
60, 
-44, 
-14, 
34, 
-58, 
-42, 
28, 
-80, 
-34, 
14, 
-48, 
-36, 
30, 
-74, 
-12, 
-6, 
-60, 
-22, 
16, 
-52, 
-14, 
34, 
-28, 
-22, 
46, 
-64, 
6, 
-2, 
-68, 
-32, 
-18, 
-60, 
-26, 
16, 
-42, 
-10, 
40, 
-46, 
-20, 
-4, 
-32, 
-10, 
32, 
-64, 
8, 
22, 
-72, 
-38, 
10, 
-78, 
-16, 
-20, 
-88, 
-16, 
28, 
-66, 
-20, 
-12, 
-58, 
12, 
4, 
-64, 
-22, 
-4, 
-86, 
32, 
-34, 
-60, 
-30, 
0, 
-60, 
-6, 
-34, 
-48, 
-20, 
-8, 
-64, 
24, 
-10, 
-30, 
-2, 
-12, 
-66, 
16, 
-18, 
-66, 
18, 
-32, 
-72, 
26, 
-50, 
-46, 
12, 
-52, 
-44, 
16, 
-18, 
-46, 
14, 
-40, 
-108, 
24, 
-6, 
-58, 
16, 
-26, 
-18, 
8, 
-20, 
-82, 
-18, 
-54, 
-36, 
24, 
-22, 
-42, 
28, 
-34, 
-52, 
14, 
-22, 
-52, 
26, 
-56, 
-50, 
10, 
-26, 
-36, 
36, 
-42, 
-48, 
16, 
-40, 
-50, 
-2, 
-54, 
-54, 
24, 
-62, 
-22, 
14, 
-50, 
-30, 
48, 
-74, 
-40, 
-6, 
-62, 
-48, 
24, 
-88, 
-46, 
56, 
-66, 
-46, 
42, 
-62, 
-32, 
26, 
-50, 
-20, 
20, 
-48, 
-24, 
10, 
-40, 
-18, 
38, 
-84, 
-34, 
-8, 
-40, 
-38, 
32, 
-60, 
-8, 
14, 
-32, 
-2, 
32, 
-54, 
-16, 
16, 
-50, 
-24, 
16, 
-98, 
-44, 
20, 
-82, 
-54, 
-18, 
-46, 
-32, 
24, 
-52, 
-16, 
8, 
-72, 
22, 
4, 
-68, 
20, 
-2, 
-66, 
-16, 
-34, 
-90, 
6, 
-4, 
-48, 
-20, 
-6, 
-42, 
8, 
-18, 
-58, 
34, 
20, 
-84, 
16, 
14, 
-80, 
22, 
-8, 
-68, 
-12, 
18, 
-80, 
14, 
-6, 
-86, 
4, 
-20, 
-64, 
24, 
-16, 
-42, 
-16, 
-16, 
-42, 
14, 
-34, 
-92, 
-24, 
-22, 
-90, 
14, 
-28, 
-22, 
32, 
-40, 
-58, 
24, 
-36, 
-98, 
4, 
8, 
-72, 
-24, 
6, 
-44, 
30, 
-40, 
-66, 
22, 
-24, 
-38, 
16, 
-54, 
-66, 
22, 
-30, 
-26, 
24, 
-36, 
-64, 
58, 
-16, 
-54, 
14, 
-50, 
-58, 
24, 
-70, 
-42, 
28, 
-42, 
-50, 
26, 
-16, 
-68, 
-2, 
-14, 
-34, 
24, 
-32, 
0, 
50, 
-42, 
-66, 
32, 
-50, 
-24, 
18, 
-32, 
-80, 
8, 
-56, 
-14, 
18, 
-68, 
-40, 
28, 
-76, 
20, 
4, 
-34, 
-4, 
40, 
-60, 
-40, 
20, 
-84, 
-72, 
18, 
-48, 
-26, 
18, 
-40, 
-38, 
28, 
-40, 
-16, 
14, 
-60, 
-26, 
-34, 
-74, 
-30, 
28, 
-54, 
-30, 
16, 
-78, 
-10, 
6, 
-54, 
-32, 
-2, 
-38, 
-42, 
12, 
-22, 
-8, 
22, 
-58, 
-18, 
8, 
-70, 
-28, 
2, 
-42, 
0, 
-4, 
-56, 
-18, 
36, 
-48, 
-36, 
-12, 
-56, 
6, 
-24, 
-30, 
-10, 
32, 
-62, 
-6, 
28, 
-50, 
24, 
-32, 
-12, 
-12, 
-12, 
-58, 
4, 
28, 
-78, 
10, 
4, 
-104, 
-16, 
-16, 
-46, 
-14, 
-16, 
-72, 
34, 
-30, 
-68, 
-2, 
-26, 
-36, 
4, 
26, 
-74, 
22, 
-32, 
-24, 
-6, 
-52, 
-48, 
44, 
-6, 
-42, 
28, 
14, 
-60, 
2, 
-44, 
-46, 
-6, 
-22, 
-48, 
4, 
-80, 
-40, 
6, 
-28, 
-48, 
20, 
-28, 
-34, 
-4, 
-12, 
-8, 
-40, 
-56, 
-16, 
-2, 
-20, 
-56, 
6, 
-44, 
-62, 
14, 
-40, 
-36, 
22, 
-34, 
-32, 
20, 
-38, 
-36, 
46, 
-42, 
-52, 
12, 
-34, 
-62, 
-20, 
-42, 
-8, 
12, 
-74, 
-24, 
-4, 
-74, 
-86, 
24, 
-46, 
-22, 
-14, 
-18, 
-36, 
12, 
-92, 
-68, 
12, 
-30, 
-36, 
18, 
-50, 
-26, 
-14, 
-58, 
-8, 
16, 
2, 
-6, 
18, 
-42, 
-10, 
16, 
-32, 
-34, 
-30, 
-40, 
-22, 
-2, 
-74, 
-36, 
24, 
-60, 
32, 
-36, 
-16, 
4, 
12, 
-90, 
-30, 
-8, 
-58, 
-20, 
-2, 
-36, 
-10, 
-16, 
-58, 
-2, 
-10, 
-50, 
-30, 
-12, 
-82, 
-18, 
-32, 
-42, 
-34, 
-6, 
-68, 
18, 
0, 
-66, 
-4, 
-16, 
-64, 
18, 
-22, 
-52, 
0, 
-2, 
-70, 
6, 
-12, 
-56, 
8, 
-26, 
-66, 
32, 
-34, 
-44, 
-16, 
-58, 
-18, 
18, 
-16, 
-58, 
36, 
-32, 
-44, 
-10, 
-38, 
-74, 
-20, 
-30, 
-30, 
8, 
-24, 
-44, 
26, 
-22, 
-48, 
22, 
-24, 
-32, 
-18, 
-46, 
-32, 
32, 
-56, 
-20, 
22, 
-28, 
-42, 
18, 
-32, 
-44, 
20, 
-8, 
-34, 
24, 
-32, 
-36, 
-12, 
-56, 
-28, 
36, 
-52, 
-38, 
-26, 
-56, 
-40, 
28, 
-42, 
-58, 
48, 
-44, 
-74, 
22, 
-32, 
-8, 
4, 
-46, 
-24, 
12, 
-32, 
-38, 
-2, 
-70, 
-56, 
6, 
-4, 
-36, 
28, 
-58, 
6, 
14, 
-50, 
-42, 
20, 
-34, 
-30, 
-20, 
-20, 
-18, 
0, 
-42, 
-10, 
-10, 
-40, 
-34, 
-10, 
-32, 
-34, 
12, 
-36, 
-8, 
0, 
-58, 
-20, 
26, 
-72, 
0, 
-2, 
-20, 
-20, 
26, 
-50, 
-10, 
16, 
-40, 
16, 
10, 
-32, 
-28, 
12, 
-64, 
-10, 
8, 
-66, 
0, 
-32, 
-56, 
12, 
-24, 
-48, 
28, 
0, 
-52, 
-8, 
32, 
-16, 
-6, 
-10, 
-46, 
14, 
-32, 
-82, 
-16, 
-22, 
-70, 
14, 
-54, 
-50, 
-28, 
-22, 
-30, 
-10, 
-4, 
-62, 
10, 
-4, 
-34, 
10, 
-20, 
-44, 
-6, 
-12, 
-18, 
-2, 
-44, 
-56, 
4, 
-26, 
-38, 
-16, 
-54, 
-18, 
4, 
-24, 
-34, 
16, 
-32, 
-32, 
14, 
-40, 
-18, 
28, 
-16, 
16, 
-2, 
-42, 
-12, 
16, 
-32, 
-74, 
-22, 
-48, 
-22, 
20, 
-42, 
-66, 
-44, 
-30, 
-40, 
8, 
-30, 
-6, 
0, 
-38, 
-12, 
10, 
-48, 
-50, 
-32, 
-50, 
-50, 
30, 
-20, 
-52, 
-6, 
-4, 
-16, 
32, 
-82, 
-24, 
0, 
-24, 
16, 
-2, 
-36, 
-44, 
0, 
-86, 
-36, 
-34, 
-50, 
-16, 
-6, 
-28, 
-14, 
22, 
-52, 
-58, 
-6, 
-10, 
-46, 
-18, 
-24, 
-12, 
-24, 
-64, 
-46, 
32, 
-32, 
-42, 
-20, 
-58, 
2, 
22, 
-42, 
-8, 
-10, 
-44, 
-8, 
14, 
-46, 
-24, 
2, 
-58, 
-2, 
-4, 
-36, 
-4, 
-4, 
-38, 
-4, 
-6, 
-22, 
-50, 
-10, 
-16, 
14, 
-14, 
-64, 
2, 
-26, 
-50, 
-14, 
-34, 
-74, 
0, 
-34, 
-28, 
-16, 
0, 
-48, 
-50, 
-2, 
-26, 
38, 
-18, 
-38, 
10, 
-16, 
-40, 
-12, 
-20, 
-34, 
-22, 
-32, 
-8, 
-8, 
-14, 
-62, 
-54, 
-48, 
-32, 
6, 
-54, 
-48, 
-2, 
-52, 
-74, 
6, 
-38, 
-32, 
-6, 
-6, 
-52, 
18, 
-32, 
-36, 
50, 
18, 
-22, 
6, 
-34, 
-48, 
20, 
-48, 
-38, 
-22, 
-56, 
-32, 
-18, 
-24, 
-68, 
2, 
-60, 
-56, 
18, 
-44, 
-38, 
-2, 
-30, 
-12, 
-4, 
-4, 
-36, 
24, 
-22, 
-58, 
-14, 
-14, 
-24, 
18, 
-38, 
-10, 
14, 
-28, 
-30, 
-2, 
-62, 
-36, 
-6, 
-30, 
-38, 
4, 
-42, 
-24, 
0, 
-26, 
-26, 
-14, 
-58, 
-22, 
-22, 
-34, 
-4, 
-40, 
-50, 
-26, 
-36, 
-68, 
-16, 
-4, 
-54, 
-24, 
-12, 
-44, 
-2, 
-34, 
-62, 
-24, 
-6, 
-52, 
-16, 
-28, 
-56, 
-18, 
-14, 
-30, 
30, 
-8, 
-16, 
-2, 
-22, 
-40, 
-6, 
-8, 
-22, 
-34, 
-22, 
-60, 
-30, 
-20, 
-40, 
-2, 
-20, 
-50, 
-2, 
16, 
-66, 
-2, 
6, 
-4, 
-16, 
4, 
-62, 
10, 
-18, 
-66, 
-2, 
-24, 
-62, 
-22, 
-24, 
-60, 
-6, 
-42, 
-54, 
32, 
-18, 
-24, 
14, 
-12, 
-48, 
28, 
-18, 
-32, 
-38, 
-10, 
-72, 
10, 
-24, 
-32, 
8, 
-4, 
-50, 
-10, 
2, 
-36, 
8, 
-32, 
-8, 
-18, 
-16, 
-20, 
-20, 
-12, 
-42, 
10, 
-6, 
-18, 
6, 
-16, 
-54, 
6, 
-24, 
-50, 
4, 
-26, 
-54, 
0, 
-40, 
-34, 
-6, 
-36, 
-34, 
-2, 
-34, 
-54, 
16, 
-48, 
-12, 
26, 
-30, 
-18, 
-52, 
-22, 
-20, 
-6, 
-52, 
-18, 
-18, 
-58, 
-38, 
-20, 
-36, 
-14, 
-6, 
-42, 
-38, 
14, 
-32, 
-16, 
-16, 
-8, 
-22, 
2, 
-20, 
-16, 
-12, 
-66, 
-20, 
24, 
-28, 
-38, 
-36, 
-22, 
-20, 
-18, 
-50, 
-36, 
0, 
-68, 
-12, 
12, 
-48, 
-16, 
-2, 
4, 
-2, 
8, 
-38, 
-36, 
-38, 
-24, 
2, 
-4, 
-42, 
-34, 
2, 
-62, 
-30, 
-8, 
-46, 
-18, 
10, 
-48, 
-2, 
-14, 
-22, 
56, 
-6, 
-36, 
-16, 
-20, 
-66, 
18, 
-32, 
-34, 
-24, 
-34, 
-26, 
-18, 
-24, 
-48, 
-2, 
-6, 
-50, 
0, 
-6, 
-36, 
6, 
-14, 
-58, 
-40, 
-34, 
-22, 
-10, 
-80, 
-52, 
-38, 
-38, 
-34, 
36, 
-24, 
-50, 
-24, 
8, 
-28, 
14, 
-36, 
-44, 
4, 
-40, 
-34, 
20, 
-18, 
-48, 
-4, 
-66, 
16, 
6, 
-44, 
-26, 
8, 
-34, 
-30, 
-10, 
-32, 
-32, 
0, 
-54, 
-24, 
0, 
-56, 
-28, 
-12, 
-68, 
-16, 
-10, 
-52, 
-36, 
0, 
-48, 
-38, 
-24, 
-20, 
-2, 
40, 
-12, 
-12, 
22, 
-40, 
-12, 
2, 
-10, 
-32, 
-12, 
-38, 
-40, 
-18, 
-48, 
32, 
18, 
-22, 
-8, 
10, 
-62, 
-74, 
-6, 
-20, 
-32, 
-14, 
-46, 
-28, 
6, 
-48, 
-28, 
-14, 
-20, 
-4, 
-14, 
-38, 
-30, 
-68, 
-36, 
14, 
-10, 
-18, 
-26, 
-6, 
-68, 
-4, 
-42, 
-42, 
0, 
-40, 
-66, 
-24, 
-16, 
-32, 
-4, 
-26, 
-32, 
28, 
-4, 
-20, 
-6, 
-18, 
-36, 
-8, 
-18, 
-54, 
-8, 
-8, 
-32, 
-32, 
-22, 
-74, 
14, 
-28, 
-42, 
-14, 
14, 
-50, 
26, 
-12, 
-42, 
-16, 
-16, 
-22, 
-18, 
-38, 
-56, 
-2, 
36, 
-54, 
-4, 
-28, 
-52, 
-14, 
8, 
-38, 
-12, 
-6, 
-50, 
6, 
18, 
-42, 
-58, 
-58, 
-46, 
-22, 
-70, 
-36, 
-14, 
-12, 
-38, 
-22, 
-62, 
-40, 
16, 
-40, 
-22, 
-10, 
-16, 
-36, 
6, 
-44, 
-42, 
16, 
-30, 
2, 
-6, 
-40, 
-40, 
2, 
-56, 
-22, 
18, 
-52, 
-58, 
22, 
-12, 
-16, 
2, 
-52, 
-4, 
-12, 
-46, 
-40, 
18, 
-66, 
-76, 
-24, 
-36, 
-58, 
8, 
-34, 
-32, 
-22, 
-34, 
-8, 
-10, 
-70, 
-40, 
-26, 
-6, 
-8, 
10, 
-10, 
-34, 
-18, 
-30, 
-30, 
-38, 
-70, 
-26, 
22, 
-24, 
-22, 
12, 
-40, 
-26, 
-20, 
-24, 
-20, 
14, 
-44, 
6, 
-26, 
-44, 
-58, 
-28, 
-36, 
-24, 
-10, 
-42, 
-12, 
-2, 
-60, 
-26, 
-8, 
-62, 
-40, 
-24, 
-60, 
12, 
-16, 
-52, 
-16, 
38, 
-52, 
-66, 
-8, 
-40, 
-44, 
-6, 
-30, 
-14, 
-14, 
-50, 
-42, 
-12, 
-20, 
10, 
-34, 
-36, 
-46, 
-24, 
-44, 
-10, 
-14, 
-32, 
-30, 
-20, 
-26, 
12, 
-14, 
-16, 
-18, 
-36, 
-42, 
56, 
-12, 
-26, 
-2, 
-54, 
-30, 
4, 
-32, 
-18, 
-34, 
-22, 
-28, 
32, 
16, 
-36, 
18, 
-2, 
-16, 
-6, 
10, 
-60, 
-18, 
-12, 
-10, 
4, 
-10, 
-70, 
-14, 
-18, 
-46, 
-10, 
-22, 
-44, 
36, 
-18, 
-40, 
8, 
-46, 
4, 
-16, 
-6, 
-18, 
6, 
-20, 
-22, 
-28, 
-40, 
-40, 
6, 
-16, 
-6, 
-16, 
-16, 
-38, 
-32, 
-26, 
-28, 
-26, 
-22, 
-6, 
-8, 
-40, 
-14, 
-16, 
-22, 
-48, 
-22, 
-46, 
-10, 
-14, 
-34, 
-30, 
-14, 
-14, 
-30, 
-12, 
-38, 
-20, 
-10, 
-16, 
-28, 
-18, 
-38, 
-4, 
-32, 
-36, 
-26, 
-18, 
-4, 
-44, 
-10, 
-48, 
12, 
-10, 
-8, 
-6, 
-10, 
-20, 
-34, 
-50, 
-30, 
-8, 
-48, 
-40, 
-22, 
-12, 
-22, 
-10, 
8, 
-42, 
16, 
4, 
-28, 
0, 
-14, 
-4, 
-18, 
-24, 
-40, 
-34, 
-12, 
-12, 
-12, 
0, 
-10, 
16, 
-18, 
-16, 
-32, 
-16, 
-54, 
0, 
4, 
-34, 
32, 
-14, 
0, 
-6, 
-2, 
-46, 
-6, 
-48, 
-54, 
-36, 
-8, 
-60, 
-2, 
12, 
-8, 
-20, 
-12, 
20, 
-4, 
-24, 
-24, 
0, 
-6, 
-22, 
-8, 
14, 
-14, 
6, 
-42, 
-12, 
16, 
-30, 
-36, 
-2, 
-22, 
-12, 
14, 
-28, 
-12, 
-32, 
-2, 
-48, 
10, 
-34, 
-26, 
22, 
-10, 
-22, 
-6, 
-24, 
-50, 
-16, 
-50, 
-30, 
14, 
-24, 
-24, 
38, 
-46, 
-72, 
20, 
-26, 
-48, 
-14, 
-58, 
-32, 
-6, 
-26, 
-40, 
2, 
-58, 
-52, 
-10, 
-32, 
-16, 
-4, 
-48, 
-24, 
42, 
-34, 
-26, 
24, 
-32, 
-50, 
-14, 
-58, 
-34, 
-22, 
-46, 
-20, 
6, 
-46, 
-16, 
-6, 
-72, 
-40, 
-10, 
-26, 
-8, 
-22, 
-12, 
14, 
-24, 
-46, 
-14, 
-16, 
-24, 
-26, 
14, 
-34, 
0, 
6, 
-30, 
8, 
4, 
-26, 
-18, 
10, 
-52, 
-20, 
4, 
-24, 
-32, 
-10, 
-30, 
-30, 
-26, 
-48, 
-18, 
-30, 
-50, 
-48, 
-16, 
-50, 
-26, 
-28, 
-10, 
-28, 
-8, 
-42, 
2, 
-22, 
-54, 
-30, 
-40, 
-16, 
-20, 
-20, 
-24, 
-30, 
2, 
-40, 
-34, 
-2, 
-42, 
-16, 
-6, 
-38, 
-52, 
-2, 
-2, 
4, 
-4, 
-40, 
-22, 
-6, 
-40, 
-4, 
-20, 
-74, 
-26, 
-22, 
-42, 
16, 
-16, 
-36, 
-2, 
-18, 
-14, 
10, 
-32, 
-20, 
-16, 
-32, 
-64, 
-20, 
-46, 
-46, 
-26, 
-28, 
-2, 
46, 
-12, 
-8, 
32, 
-34, 
-2, 
8, 
-38, 
-12, 
-36, 
-54, 
-22, 
-16, 
-38, 
-50, 
-16, 
-34, 
-24, 
6, 
-24, 
-32, 
-26, 
-18, 
-16, 
18, 
-16, 
-26, 
-30, 
-50, 
-24, 
-44, 
-52, 
-6, 
-2, 
-24, 
2, 
-34, 
-26, 
-58, 
-4, 
-46, 
12, 
-16, 
-14, 
6, 
-4, 
-32, 
-20, 
-42, 
-34, 
-2, 
-48, 
-28, 
-2, 
-38, 
-46, 
-36, 
6, 
-16, 
-18, 
-2, 
-36, 
16, 
-20, 
-16, 
-32, 
-16, 
-40, 
-16, 
-16, 
-44, 
-18, 
-20, 
-44, 
-20, 
-12, 
-10, 
-18, 
-16, 
-34, 
-34, 
-24, 
-26, 
-20, 
4, 
-36, 
-2, 
-42, 
-46, 
-20, 
-24, 
-42, 
-6, 
-26, 
-18, 
-16, 
-42, 
-16, 
10, 
-22, 
-30, 
-18, 
-50, 
-18, 
-24, 
-26, 
-46, 
-20, 
-20, 
-38, 
-12, 
-50, 
-46, 
-58, 
-32, 
-60, 
-6, 
-38, 
-14, 
-44, 
-30, 
-18, 
-18, 
-38, 
-60, 
-20, 
-34, 
-46, 
-10, 
-74, 
-40, 
-14, 
-24, 
-8, 
-18, 
-22, 
-16, 
-12, 
-34, 
-20, 
-2, 
-4, 
-16, 
-16, 
-38, 
-36, 
-2, 
-46, 
-12, 
-4, 
-26, 
-34, 
-10, 
-66, 
-34, 
-12, 
-26, 
-50, 
-14, 
-50, 
-54, 
-18, 
-26, 
10, 
-22, 
-18, 
-26, 
20, 
-62, 
-6, 
-12, 
-62, 
6, 
-16, 
-16, 
-68, 
-18, 
-16, 
-18, 
20, 
-8, 
22, 
-52, 
-42, 
-30, 
16, 
-52, 
-14, 
-30, 
-20, 
-50, 
-30, 
-34, 
-22, 
-8, 
-2, 
-8, 
-6, 
-20, 
22, 
-2, 
-48, 
6, 
-10, 
-44, 
-14, 
-28, 
-32, 
-36, 
-18, 
-50, 
-24, 
-16, 
-18, 
10, 
-6, 
-24, 
20, 
-24, 
-48, 
-2, 
6, 
-56, 
-18, 
-30, 
-24, 
-10, 
-24, 
-72, 
-50, 
-52, 
-34, 
-8, 
-26, 
-16, 
-26, 
4, 
-24, 
4, 
-4, 
-20, 
-16, 
-18, 
-46, 
-8, 
-30, 
-34, 
-38, 
-22, 
-56, 
-18, 
-50, 
-44, 
-2, 
-26, 
-2, 
-16, 
-18, 
-16, 
-10, 
-26, 
-20, 
-6, 
-36, 
10, 
-2, 
-50, 
-10, 
0, 
-36, 
-34, 
-18, 
-46, 
0, 
-34, 
-28, 
-42, 
6, 
-24, 
-48, 
6, 
-54, 
-18, 
-14, 
-52, 
-2, 
-32, 
-24, 
-6, 
-42, 
-38, 
-18, 
-4, 
-36, 
-20, 
24, 
-18, 
6, 
2, 
-40, 
-18, 
-10, 
-10, 
-26, 
-18, 
-34, 
0, 
-8, 
-14, 
-10, 
-12, 
-30, 
-44, 
0, 
-46, 
-26, 
16, 
-18, 
-26, 
10, 
-50, 
-38, 
10, 
-30, 
-22, 
6, 
-10, 
-42, 
4, 
-2, 
-48, 
6, 
-16, 
2, 
-2, 
-8, 
-6, 
-6, 
-20, 
-30, 
-6, 
-38, 
-20, 
-58, 
-18, 
16, 
-22, 
-52, 
-34, 
20, 
-32, 
-4, 
-24, 
-24, 
6, 
-26, 
-2, 
-16, 
-12, 
-78, 
26, 
6, 
-32, 
-14, 
-60, 
-42, 
-46, 
-20, 
-40, 
-4, 
-18, 
-24, 
-12, 
8, 
-6, 
-44, 
34, 
-6, 
-12, 
2, 
-40, 
-24, 
-26, 
-24, 
-2, 
-32, 
-16, 
16, 
20, 
-8, 
-18, 
-18, 
6, 
6, 
-20, 
-6, 
-38, 
-36, 
-50, 
-18, 
-34, 
-34, 
6, 
-28, 
-16, 
-4, 
-40, 
8, 
-36, 
-16, 
-32, 
8, 
10, 
-16, 
-20, 
-16, 
-12, 
-4, 
-78, 
-18, 
10, 
-42, 
-44, 
-56, 
-12, 
-26, 
-26, 
-22, 
-8, 
-26, 
-34, 
-14, 
8, 
-28, 
-42, 
-20, 
-20, 
-34, 
0, 
4, 
-18, 
-8, 
-38, 
-6, 
-4, 
-44, 
2, 
16, 
-42, 
-46, 
-2, 
-2, 
-48, 
-6, 
-34, 
-32, 
-34, 
-32, 
-32, 
-24, 
-46, 
-34, 
4, 
-50, 
-18, 
-26, 
-50, 
-24, 
-32, 
-32, 
12, 
-8, 
36, 
-16, 
-12, 
-24, 
-10, 
24, 
-42, 
-12, 
-34, 
-34, 
-24, 
-26, 
-24, 
-10, 
-24, 
-42, 
-18, 
-6, 
-32, 
-12, 
-34, 
-22, 
-18, 
-26, 
-26, 
-38, 
-6, 
2, 
4, 
6, 
-50, 
-34, 
-24, 
-42, 
-44, 
-52, 
-34, 
-2, 
-32, 
-36, 
-8, 
-58, 
0, 
-12, 
-24, 
-12, 
-24, 
-34, 
-22, 
-34, 
2, 
36, 
-46, 
-18, 
-42, 
-18, 
-14, 
-16, 
8, 
-38, 
-42, 
-2, 
-4, 
-34, 
-10, 
-44, 
-22, 
-32, 
-42, 
-36, 
-28, 
-28, 
-24, 
-16, 
-38, 
-44, 
-8, 
-20, 
-8, 
-26, 
-12, 
-20, 
-8, 
-8, 
-6, 
-20, 
-74, 
-32, 
34, 
-34, 
-66, 
-18, 
-18, 
-8, 
-34, 
-28, 
-48, 
12, 
-42, 
-18, 
-4, 
-10, 
-6, 
0, 
-24, 
-22, 
-32, 
-36, 
2, 
-42, 
-38, 
-60, 
-44, 
-8, 
-40, 
34, 
-42, 
-28, 
-16, 
-16, 
-34, 
-38, 
-26, 
-34, 
-40, 
-42, 
-2, 
-24, 
-70, 
-18, 
-2, 
-48, 
-34, 
20, 
-32, 
-36, 
-14, 
-8, 
-34, 
-24, 
-20, 
-18, 
-30, 
-40, 
-8, 
-28, 
-68, 
0, 
2, 
-36, 
-50, 
4, 
-50, 
0, 
30, 
-20, 
4, 
-18, 
-38, 
-28, 
-2, 
-16, 
-8, 
-50, 
-42, 
-12, 
-16, 
-26, 
-26, 
-20, 
-40, 
-30, 
-16, 
-42, 
-12, 
-2, 
2, 
-24, 
-42, 
-12, 
2, 
26, 
-46, 
-36, 
-28, 
-28, 
-14, 
-12, 
-38, 
-40, 
-28, 
-22, 
-18, 
2, 
-18, 
-22, 
8, 
0, 
-4, 
-16, 
-6, 
-26, 
-34, 
-22, 
-12, 
-34, 
-32, 
-18, 
-30, 
4, 
10, 
-50, 
-38, 
22, 
-38, 
-30, 
8, 
-10, 
-34, 
-32, 
-10, 
-78, 
-32, 
2, 
-32, 
-28, 
-54, 
-46, 
-12, 
-40, 
-10, 
-20, 
-28, 
-4, 
-20, 
-10, 
-14, 
-18, 
-2, 
-50, 
-42, 
-14, 
-56, 
-22, 
-8, 
-24, 
-8, 
-16, 
-30, 
14, 
-8, 
-18, 
32, 
-24, 
-28, 
-16, 
-18, 
-6, 
-20, 
-52, 
