

-6, 
4, 
4, 
44, 
-50, 
-26, 
-12, 
8, 
-2, 
-16, 
-16, 
44, 
-4, 
-20, 
-6, 
-14, 
2, 
14, 
14, 
4, 
32, 
36, 
-10, 
4, 
10, 
12, 
30, 
-4, 
-8, 
-10, 
-14, 
22, 
38, 
30, 
-28, 
26, 
18, 
4, 
26, 
-2, 
4, 
-2, 
6, 
8, 
38, 
0, 
-24, 
-30, 
16, 
16, 
-12, 
32, 
2, 
18, 
0, 
12, 
24, 
14, 
4, 
-6, 
6, 
2, 
40, 
-8, 
-18, 
8, 
0, 
-10, 
-30, 
4, 
12, 
12, 
8, 
6, 
36, 
0, 
16, 
22, 
32, 
18, 
-2, 
28, 
14, 
32, 
-22, 
0, 
-14, 
24, 
-34, 
0, 
6, 
12, 
-12, 
-2, 
14, 
22, 
4, 
30, 
24, 
28, 
16, 
2, 
-10, 
0, 
-2, 
-12, 
30, 
10, 
-4, 
12, 
10, 
14, 
-20, 
6, 
18, 
-2, 
60, 
40, 
-8, 
12, 
44, 
4, 
6, 
-10, 
50, 
40, 
16, 
38, 
-6, 
-24, 
-18, 
-14, 
38, 
22, 
8, 
34, 
36, 
-2, 
14, 
38, 
0, 
12, 
-8, 
-10, 
0, 
-16, 
-4, 
-8, 
34, 
20, 
6, 
22, 
4, 
22, 
-50, 
2, 
26, 
34, 
30, 
8, 
-12, 
6, 
-24, 
48, 
4, 
18, 
10, 
10, 
-2, 
36, 
-2, 
32, 
-16, 
22, 
14, 
44, 
10, 
6, 
14, 
22, 
16, 
36, 
0, 
10, 
50, 
4, 
-10, 
2, 
14, 
-4, 
40, 
-12, 
10, 
-18, 
-18, 
-18, 
-18, 
10, 
36, 
8, 
36, 
4, 
16, 
18, 
0, 
-6, 
14, 
-4, 
-16, 
18, 
2, 
18, 
-18, 
10, 
-12, 
-4, 
56, 
-18, 
-2, 
-4, 
-4, 
48, 
42, 
16, 
22, 
24, 
22, 
6, 
16, 
2, 
-18, 
-6, 
16, 
-8, 
28, 
-4, 
0, 
-18, 
6, 
18, 
-16, 
12, 
24, 
4, 
16, 
16, 
24, 
-4, 
32, 
-18, 
-20, 
28, 
2, 
4, 
16, 
12, 
4, 
46, 
36, 
50, 
8, 
-4, 
34, 
4, 
32, 
20, 
24, 
-34, 
-10, 
10, 
-4, 
-10, 
14, 
16, 
-24, 
-12, 
6, 
14, 
0, 
16, 
24, 
-2, 
4, 
30, 
28, 
10, 
6, 
2, 
10, 
24, 
-12, 
6, 
24, 
14, 
-28, 
32, 
6, 
4, 
20, 
20, 
28, 
-14, 
20, 
10, 
32, 
2, 
-22, 
10, 
60, 
-4, 
-26, 
8, 
12, 
16, 
0, 
-26, 
2, 
-34, 
22, 
54, 
34, 
32, 
-20, 
-20, 
16, 
28, 
-4, 
16, 
10, 
28, 
-10, 
2, 
4, 
-2, 
-18, 
14, 
-2, 
-2, 
18, 
54, 
32, 
26, 
12, 
-4, 
12, 
22, 
-4, 
-12, 
8, 
-2, 
14, 
-4, 
-28, 
-12, 
-28, 
-24, 
-6, 
6, 
24, 
42, 
22, 
-6, 
16, 
26, 
6, 
6, 
0, 
36, 
38, 
4, 
-2, 
28, 
-12, 
18, 
-14, 
0, 
-32, 
-16, 
6, 
-34, 
-10, 
48, 
-8, 
48, 
38, 
12, 
-18, 
12, 
-2, 
12, 
14, 
-22, 
14, 
12, 
-2, 
32, 
-14, 
-2, 
16, 
0, 
-16, 
30, 
-8, 
-12, 
-28, 
-10, 
-4, 
26, 
2, 
34, 
20, 
-2, 
-24, 
-2, 
12, 
-10, 
-8, 
34, 
26, 
12, 
2, 
0, 
-6, 
4, 
26, 
-4, 
6, 
24, 
26, 
-6, 
-16, 
-12, 
14, 
6, 
-16, 
-2, 
-6, 
2, 
-6, 
42, 
2, 
12, 
28, 
12, 
24, 
10, 
10, 
28, 
2, 
26, 
34, 
-14, 
32, 
26, 
-38, 
20, 
16, 
-10, 
-8, 
30, 
-16, 
12, 
32, 
12, 
16, 
-4, 
32, 
-18, 
-18, 
-18, 
10, 
26, 
20, 
22, 
-6, 
-18, 
16, 
-2, 
36, 
22, 
18, 
14, 
-6, 
12, 
-4, 
28, 
18, 
24, 
44, 
0, 
6, 
-10, 
2, 
-6, 
22, 
36, 
4, 
8, 
14, 
-26, 
16, 
-18, 
28, 
6, 
24, 
2, 
8, 
32, 
6, 
0, 
62, 
-8, 
-22, 
-12, 
30, 
16, 
20, 
18, 
2, 
-16, 
22, 
-8, 
18, 
26, 
-8, 
10, 
36, 
32, 
38, 
-22, 
16, 
32, 
20, 
36, 
2, 
30, 
-18, 
-6, 
-4, 
18, 
2, 
-10, 
26, 
24, 
18, 
10, 
14, 
-20, 
24, 
2, 
24, 
28, 
-20, 
8, 
20, 
12, 
-16, 
-4, 
18, 
-18, 
10, 
54, 
-8, 
30, 
8, 
34, 
28, 
24, 
2, 
14, 
18, 
-2, 
-2, 
8, 
22, 
4, 
-22, 
12, 
16, 
8, 
18, 
-8, 
10, 
-12, 
16, 
-22, 
-2, 
4, 
2, 
24, 
-16, 
12, 
-2, 
-6, 
28, 
2, 
-2, 
6, 
-8, 
-34, 
-16, 
30, 
28, 
18, 
-24, 
36, 
12, 
24, 
4, 
-32, 
-12, 
16, 
48, 
-18, 
48, 
12, 
18, 
16, 
18, 
22, 
-4, 
8, 
-4, 
-18, 
18, 
-18, 
-2, 
16, 
20, 
0, 
10, 
-28, 
6, 
14, 
16, 
-12, 
4, 
-8, 
-4, 
18, 
24, 
36, 
12, 
-12, 
18, 
12, 
-2, 
10, 
16, 
8, 
32, 
6, 
-2, 
-2, 
-18, 
24, 
-16, 
-6, 
0, 
2, 
-14, 
36, 
-34, 
-12, 
30, 
4, 
34, 
20, 
26, 
18, 
-34, 
2, 
-34, 
14, 
16, 
14, 
18, 
4, 
16, 
56, 
-16, 
10, 
-26, 
18, 
-20, 
-8, 
22, 
10, 
26, 
36, 
-4, 
18, 
-6, 
-12, 
-16, 
10, 
-18, 
-2, 
-8, 
0, 
-50, 
-12, 
22, 
-12, 
-2, 
18, 
16, 
-4, 
30, 
20, 
-16, 
0, 
-10, 
50, 
-8, 
6, 
36, 
-10, 
-4, 
10, 
32, 
-34, 
-16, 
-2, 
14, 
32, 
-8, 
22, 
26, 
-6, 
-12, 
-22, 
8, 
2, 
-10, 
-50, 
-30, 
46, 
-36, 
-10, 
-10, 
12, 
0, 
-32, 
-2, 
18, 
12, 
42, 
14, 
30, 
20, 
20, 
24, 
42, 
2, 
0, 
0, 
-16, 
-8, 
-16, 
30, 
6, 
10, 
24, 
36, 
-12, 
-28, 
0, 
34, 
22, 
16, 
-14, 
4, 
18, 
22, 
-10, 
-2, 
8, 
4, 
20, 
12, 
-8, 
-12, 
-8, 
-2, 
10, 
38, 
16, 
16, 
6, 
16, 
32, 
30, 
16, 
14, 
22, 
34, 
0, 
20, 
26, 
14, 
-16, 
30, 
16, 
-10, 
16, 
-2, 
-26, 
40, 
-16, 
14, 
32, 
16, 
14, 
-26, 
-48, 
2, 
22, 
4, 
6, 
6, 
8, 
-12, 
8, 
8, 
16, 
8, 
2, 
36, 
-14, 
16, 
34, 
42, 
-8, 
0, 
16, 
8, 
4, 
14, 
-6, 
-16, 
-30, 
20, 
-4, 
-6, 
0, 
22, 
6, 
-2, 
-34, 
54, 
4, 
8, 
34, 
12, 
48, 
0, 
14, 
-24, 
10, 
34, 
-2, 
24, 
-6, 
-4, 
52, 
-38, 
-8, 
-22, 
14, 
6, 
12, 
6, 
8, 
14, 
14, 
32, 
16, 
-16, 
6, 
28, 
-36, 
-18, 
34, 
-14, 
-20, 
-16, 
12, 
18, 
2, 
-14, 
52, 
18, 
-30, 
12, 
0, 
-12, 
8, 
40, 
-14, 
2, 
32, 
30, 
32, 
8, 
-2, 
-10, 
8, 
26, 
-12, 
-4, 
14, 
8, 
32, 
16, 
2, 
-2, 
-2, 
-16, 
2, 
-18, 
0, 
32, 
48, 
-34, 
30, 
14, 
40, 
0, 
24, 
32, 
20, 
-18, 
18, 
-4, 
-36, 
2, 
-16, 
22, 
24, 
16, 
-24, 
-30, 
14, 
30, 
6, 
4, 
24, 
-6, 
32, 
-10, 
24, 
28, 
-22, 
12, 
4, 
26, 
6, 
-10, 
-10, 
8, 
-4, 
0, 
-10, 
-10, 
-30, 
22, 
22, 
18, 
16, 
-16, 
2, 
30, 
-12, 
-2, 
36, 
50, 
0, 
14, 
8, 
-30, 
-14, 
4, 
-12, 
24, 
28, 
-34, 
-6, 
16, 
-2, 
10, 
24, 
-8, 
-16, 
6, 
22, 
-12, 
14, 
-16, 
-30, 
30, 
14, 
0, 
-8, 
6, 
-16, 
18, 
-26, 
-4, 
16, 
32, 
6, 
4, 
-10, 
32, 
12, 
12, 
34, 
18, 
38, 
6, 
-12, 
0, 
14, 
26, 
22, 
-18, 
30, 
-4, 
4, 
16, 
-6, 
24, 
40, 
-26, 
40, 
38, 
8, 
-8, 
26, 
4, 
6, 
-42, 
38, 
20, 
-6, 
6, 
-4, 
-24, 
-12, 
-14, 
10, 
0, 
30, 
2, 
40, 
14, 
-32, 
0, 
12, 
8, 
0, 
-14, 
-14, 
40, 
20, 
-4, 
16, 
24, 
6, 
-18, 
24, 
12, 
10, 
14, 
22, 
-10, 
-6, 
10, 
14, 
-18, 
6, 
30, 
0, 
0, 
48, 
14, 
2, 
-12, 
40, 
8, 
10, 
-6, 
32, 
20, 
24, 
-10, 
-6, 
20, 
-16, 
-8, 
14, 
16, 
18, 
6, 
-10, 
12, 
10, 
26, 
-12, 
24, 
0, 
4, 
8, 
8, 
24, 
-30, 
-36, 
24, 
16, 
-32, 
16, 
6, 
28, 
-4, 
14, 
-14, 
-20, 
-24, 
-12, 
2, 
-6, 
16, 
-12, 
2, 
38, 
22, 
-30, 
32, 
-12, 
56, 
8, 
-10, 
-6, 
22, 
28, 
32, 
-6, 
32, 
-18, 
12, 
28, 
38, 
10, 
24, 
2, 
-30, 
18, 
-18, 
10, 
26, 
-10, 
26, 
10, 
-6, 
28, 
-2, 
-20, 
-26, 
-12, 
28, 
-4, 
32, 
12, 
-2, 
10, 
36, 
-2, 
0, 
-22, 
6, 
32, 
32, 
-16, 
18, 
6, 
-4, 
-8, 
-10, 
20, 
44, 
28, 
8, 
14, 
14, 
14, 
32, 
32, 
10, 
32, 
-22, 
16, 
4, 
4, 
-24, 
-10, 
8, 
12, 
-24, 
22, 
16, 
32, 
-12, 
30, 
2, 
-14, 
46, 
-18, 
12, 
56, 
-16, 
18, 
18, 
0, 
0, 
-26, 
32, 
-2, 
0, 
-6, 
8, 
0, 
22, 
4, 
-10, 
28, 
20, 
24, 
26, 
16, 
52, 
-18, 
-2, 
40, 
6, 
22, 
-14, 
30, 
6, 
-4, 
36, 
-2, 
0, 
-14, 
12, 
-34, 
-2, 
52, 
36, 
4, 
14, 
-4, 
2, 
12, 
6, 
-18, 
-18, 
6, 
-4, 
14, 
-8, 
-10, 
-24, 
-8, 
44, 
18, 
12, 
-10, 
14, 
56, 
10, 
4, 
-20, 
16, 
-2, 
-26, 
6, 
12, 
-8, 
70, 
-10, 
-28, 
8, 
-4, 
26, 
30, 
10, 
28, 
-2, 
24, 
-28, 
-10, 
-44, 
-20, 
6, 
-8, 
40, 
-14, 
44, 
-6, 
34, 
-2, 
14, 
-28, 
18, 
30, 
32, 
24, 
-4, 
12, 
18, 
28, 
12, 
18, 
8, 
4, 
28, 
20, 
-32, 
14, 
-16, 
-32, 
-6, 
20, 
4, 
-10, 
-4, 
14, 
-2, 
16, 
-10, 
18, 
26, 
12, 
-10, 
24, 
16, 
18, 
16, 
26, 
6, 
-10, 
-2, 
-20, 
16, 
8, 
-14, 
-18, 
18, 
22, 
30, 
-2, 
6, 
32, 
14, 
-4, 
-30, 
-10, 
-6, 
-14, 
32, 
32, 
24, 
10, 
18, 
16, 
6, 
10, 
2, 
34, 
14, 
32, 
30, 
-2, 
10, 
-26, 
2, 
32, 
-8, 
6, 
10, 
-4, 
-8, 
22, 
-8, 
-16, 
2, 
14, 
-18, 
36, 
30, 
24, 
0, 
16, 
-2, 
36, 
12, 
10, 
-4, 
0, 
14, 
14, 
-18, 
26, 
-6, 
-14, 
12, 
32, 
30, 
-12, 
-4, 
8, 
-10, 
0, 
4, 
16, 
2, 
30, 
20, 
16, 
-10, 
4, 
-10, 
32, 
10, 
4, 
12, 
26, 
-26, 
-20, 
8, 
32, 
34, 
-4, 
10, 
-2, 
6, 
16, 
8, 
12, 
2, 
20, 
20, 
-2, 
-26, 
-2, 
10, 
-8, 
-8, 
14, 
12, 
30, 
-34, 
18, 
42, 
18, 
10, 
18, 
10, 
16, 
-2, 
0, 
-2, 
-14, 
-4, 
6, 
-10, 
10, 
6, 
-4, 
-8, 
14, 
28, 
-2, 
0, 
12, 
54, 
14, 
-14, 
32, 
14, 
22, 
32, 
-26, 
6, 
44, 
18, 
22, 
-14, 
4, 
20, 
12, 
-10, 
18, 
20, 
30, 
-12, 
16, 
24, 
0, 
-2, 
-14, 
-2, 
0, 
10, 
-18, 
-6, 
40, 
14, 
22, 
26, 
-16, 
14, 
14, 
12, 
-26, 
8, 
-34, 
14, 
-18, 
0, 
0, 
-18, 
16, 
28, 
16, 
-18, 
-2, 
26, 
4, 
-2, 
-2, 
-30, 
32, 
42, 
32, 
8, 
-10, 
-24, 
-10, 
18, 
14, 
6, 
-2, 
26, 
24, 
-4, 
34, 
-12, 
6, 
6, 
6, 
24, 
18, 
18, 
12, 
18, 
32, 
-14, 
42, 
22, 
-6, 
-36, 
-2, 
-2, 
-8, 
-36, 
-8, 
22, 
30, 
-2, 
22, 
16, 
2, 
0, 
48, 
-24, 
-4, 
-6, 
-4, 
40, 
18, 
6, 
10, 
-12, 
32, 
-2, 
-12, 
-18, 
-24, 
22, 
16, 
-4, 
-8, 
18, 
4, 
26, 
32, 
-6, 
-14, 
24, 
4, 
32, 
22, 
-2, 
-50, 
0, 
-22, 
8, 
-34, 
46, 
-24, 
8, 
24, 
16, 
-30, 
-48, 
40, 
6, 
-2, 
20, 
-10, 
14, 
30, 
10, 
-2, 
-12, 
-6, 
-4, 
-12, 
30, 
-6, 
-10, 
12, 
6, 
8, 
52, 
12, 
22, 
8, 
-18, 
-8, 
16, 
12, 
0, 
0, 
16, 
-40, 
-50, 
-16, 
-2, 
30, 
14, 
16, 
8, 
16, 
28, 
62, 
14, 
-30, 
36, 
42, 
24, 
-12, 
10, 
-18, 
8, 
22, 
16, 
44, 
12, 
18, 
-2, 
4, 
50, 
0, 
-6, 
-6, 
10, 
44, 
40, 
56, 
38, 
8, 
16, 
-8, 
-32, 
-10, 
-2, 
14, 
6, 
18, 
22, 
6, 
22, 
2, 
-2, 
-18, 
-10, 
30, 
-50, 
2, 
-10, 
28, 
4, 
-18, 
-22, 
-6, 
0, 
22, 
-6, 
-14, 
24, 
-10, 
-2, 
14, 
36, 
16, 
16, 
-14, 
34, 
-2, 
18, 
-34, 
-8, 
-38, 
6, 
-12, 
-2, 
14, 
8, 
0, 
-12, 
-4, 
-22, 
22, 
14, 
-10, 
8, 
2, 
12, 
8, 
16, 
0, 
2, 
14, 
4, 
2, 
52, 
4, 
-2, 
-6, 
24, 
56, 
4, 
10, 
22, 
22, 
36, 
16, 
8, 
28, 
24, 
-6, 
-14, 
-14, 
22, 
-34, 
32, 
16, 
-12, 
30, 
16, 
52, 
-10, 
-14, 
-6, 
20, 
-14, 
4, 
6, 
4, 
60, 
-10, 
-42, 
-30, 
20, 
-22, 
52, 
16, 
12, 
78, 
30, 
28, 
30, 
52, 
32, 
-18, 
54, 
8, 
14, 
32, 
24, 
20, 
32, 
12, 
10, 
0, 
-10, 
18, 
26, 
18, 
6, 
12, 
22, 
34, 
40, 
-6, 
44, 
58, 
18, 
30, 
-12, 
32, 
38, 
-20, 
24, 
0, 
-6, 
18, 
2, 
6, 
-6, 
2, 
-12, 
16, 
34, 
24, 
30, 
-16, 
32, 
14, 
-10, 
14, 
-2, 
38, 
0, 
12, 
60, 
2, 
8, 
4, 
-6, 
6, 
12, 
60, 
8, 
2, 
6, 
-4, 
6, 
10, 
-2, 
38, 
20, 
-14, 
2, 
-8, 
6, 
-26, 
20, 
28, 
2, 
18, 
16, 
-2, 
16, 
-8, 
44, 
10, 
0, 
32, 
12, 
2, 
0, 
-12, 
34, 
-10, 
6, 
2, 
-20, 
30, 
36, 
38, 
14, 
-4, 
-12, 
24, 
2, 
8, 
6, 
-18, 
24, 
12, 
8, 
-12, 
-14, 
14, 
18, 
-26, 
2, 
16, 
44, 
-2, 
2, 
22, 
2, 
-16, 
2, 
24, 
30, 
32, 
32, 
18, 
12, 
32, 
6, 
-10, 
12, 
-10, 
6, 
-34, 
2, 
-28, 
-18, 
26, 
14, 
30, 
34, 
10, 
-6, 
30, 
10, 
12, 
-12, 
10, 
6, 
10, 
22, 
4, 
52, 
-22, 
8, 
10, 
24, 
52, 
-14, 
32, 
8, 
24, 
42, 
-8, 
34, 
0, 
4, 
4, 
-6, 
-10, 
6, 
-14, 
-36, 
-6, 
10, 
14, 
20, 
-4, 
8, 
6, 
12, 
32, 
14, 
0, 
10, 
2, 
14, 
18, 
8, 
4, 
-34, 
30, 
-10, 
-10, 
2, 
-10, 
32, 
-8, 
-2, 
20, 
16, 
0, 
2, 
30, 
22, 
22, 
-12, 
14, 
26, 
-6, 
8, 
-34, 
22, 
-2, 
20, 
14, 
30, 
10, 
18, 
-12, 
22, 
-2, 
28, 
-16, 
14, 
14, 
32, 
0, 
12, 
22, 
6, 
-10, 
22, 
-10, 
-12, 
-8, 
-4, 
-10, 
-34, 
10, 
12, 
38, 
24, 
18, 
26, 
36, 
16, 
-2, 
-6, 
14, 
8, 
-18, 
0, 
8, 
-26, 
-16, 
-46, 
-20, 
-8, 
22, 
46, 
-2, 
-2, 
48, 
34, 
16, 
22, 
-10, 
32, 
172, 
42, 
-32, 
28, 
-12, 
-6, 
-12, 
0, 
10, 
-2, 
-4, 
14, 
10, 
20, 
14, 
28, 
60, 
20, 
2, 
12, 
34, 
-30, 
10, 
-20, 
-8, 
-18, 
-38, 
-10, 
-26, 
50, 
-10, 
8, 
38, 
38, 
-12, 
-10, 
6, 
34, 
16, 
14, 
22, 
-10, 
-14, 
26, 
-52, 
-10, 
-2, 
-34, 
-8, 
14, 
-6, 
4, 
32, 
4, 
48, 
6, 
-14, 
8, 
-2, 
16, 
30, 
14, 
-18, 
14, 
20, 
22, 
10, 
-22, 
16, 
68, 
-28, 
10, 
-12, 
18, 
34, 
32, 
52, 
-2, 
-6, 
16, 
-12, 
6, 
26, 
-26, 
0, 
-26, 
14, 
-12, 
16, 
12, 
14, 
2, 
-6, 
16, 
6, 
40, 
16, 
2, 
18, 
-24, 
2, 
-14, 
16, 
-2, 
16, 
16, 
-22, 
-28, 
8, 
32, 
32, 
12, 
-18, 
28, 
28, 
20, 
16, 
8, 
48, 
4, 
46, 
8, 
-16, 
-18, 
4, 
-18, 
2, 
18, 
20, 
-2, 
22, 
32, 
18, 
-26, 
18, 
0, 
0, 
32, 
16, 
14, 
6, 
-26, 
6, 
-4, 
-26, 
-22, 
-16, 
4, 
-30, 
0, 
-2, 
20, 
10, 
8, 
32, 
4, 
-14, 
20, 
20, 
-10, 
26, 
0, 
10, 
4, 
-6, 
16, 
12, 
8, 
-32, 
12, 
-18, 
6, 
46, 
10, 
40, 
18, 
26, 
42, 
12, 
32, 
-2, 
-2, 
18, 
24, 
-10, 
-10, 
-20, 
32, 
14, 
12, 
-6, 
4, 
-26, 
22, 
22, 
48, 
24, 
32, 
38, 
-2, 
6, 
4, 
20, 
4, 
32, 
22, 
-12, 
-20, 
26, 
-2, 
-2, 
16, 
-12, 
-14, 
-18, 
30, 
10, 
8, 
2, 
-2, 
-6, 
-18, 
18, 
24, 
-8, 
34, 
12, 
-6, 
8, 
10, 
10, 
22, 
-10, 
-6, 
12, 
24, 
6, 
0, 
-6, 
38, 
20, 
30, 
48, 
16, 
16, 
16, 
-10, 
42, 
-24, 
-2, 
-24, 
14, 
16, 
24, 
24, 
26, 
20, 
22, 
0, 
10, 
14, 
30, 
40, 
-10, 
36, 
36, 
16, 
16, 
-50, 
-2, 
-14, 
-20, 
22, 
22, 
-6, 
0, 
8, 
18, 
50, 
-44, 
-14, 
-10, 
20, 
34, 
24, 
20, 
16, 
16, 
6, 
36, 
32, 
32, 
16, 
-2, 
10, 
-14, 
12, 
18, 
4, 
36, 
-12, 
72, 
-2, 
-18, 
34, 
32, 
0, 
16, 
38, 
30, 
-6, 
4, 
-4, 
2, 
4, 
6, 
-2, 
-14, 
24, 
14, 
22, 
-14, 
2, 
20, 
38, 
-2, 
-26, 
54, 
-14, 
6, 
2, 
-20, 
28, 
6, 
8, 
4, 
14, 
18, 
72, 
32, 
30, 
8, 
0, 
28, 
-6, 
18, 
10, 
24, 
24, 
-14, 
-30, 
-18, 
-12, 
-12, 
-18, 
52, 
-8, 
22, 
34, 
12, 
2, 
12, 
12, 
-12, 
4, 
-4, 
-58, 
28, 
10, 
-40, 
8, 
-34, 
0, 
0, 
16, 
10, 
22, 
14, 
-12, 
8, 
4, 
-2, 
12, 
40, 
38, 
2, 
8, 
10, 
-10, 
18, 
30, 
18, 
-10, 
-40, 
-10, 
8, 
-18, 
-2, 
26, 
-32, 
24, 
20, 
-2, 
42, 
32, 
0, 
0, 
4, 
0, 
-10, 
26, 
30, 
-4, 
-6, 
-18, 
32, 
-14, 
10, 
8, 
-44, 
8, 
34, 
16, 
26, 
22, 
-12, 
-32, 
-10, 
-34, 
8, 
8, 
0, 
-12, 
14, 
2, 
-2, 
-30, 
-16, 
32, 
-14, 
10, 
-10, 
22, 
0, 
28, 
8, 
20, 
34, 
22, 
6, 
8, 
4, 
-2, 
2, 
4, 
0, 
2, 
4, 
-4, 
32, 
-2, 
18, 
8, 
40, 
2, 
38, 
6, 
-20, 
24, 
-4, 
30, 
10, 
-10, 
-18, 
16, 
-6, 
6, 
16, 
14, 
16, 
4, 
14, 
-4, 
2, 
24, 
16, 
26, 
-20, 
8, 
2, 
26, 
-2, 
-2, 
-26, 
-6, 
14, 
-28, 
26, 
2, 
28, 
-16, 
46, 
26, 
42, 
34, 
-20, 
40, 
10, 
14, 
6, 
8, 
-2, 
16, 
-28, 
16, 
10, 
-12, 
-18, 
22, 
46, 
24, 
34, 
-6, 
-30, 
28, 
20, 
22, 
-4, 
-26, 
-6, 
26, 
-14, 
28, 
6, 
16, 
-14, 
16, 
-2, 
26, 
0, 
18, 
24, 
42, 
0, 
38, 
30, 
18, 
52, 
52, 
-12, 
-14, 
46, 
22, 
2, 
10, 
10, 
16, 
-10, 
-18, 
32, 
18, 
12, 
44, 
-12, 
30, 
8, 
-16, 
32, 
12, 
-14, 
-2, 
18, 
-4, 
-4, 
-10, 
6, 
-22, 
2, 
-22, 
4, 
24, 
34, 
12, 
18, 
4, 
30, 
42, 
10, 
16, 
-20, 
-10, 
-6, 
-16, 
40, 
-38, 
10, 
14, 
20, 
4, 
-2, 
30, 
2, 
2, 
0, 
-24, 
48, 
-18, 
36, 
6, 
4, 
20, 
-8, 
32, 
6, 
28, 
-36, 
-8, 
2, 
32, 
-24, 
-14, 
4, 
-6, 
56, 
26, 
22, 
44, 
-8, 
-18, 
-12, 
14, 
8, 
6, 
-22, 
20, 
-14, 
12, 
-16, 
-6, 
-24, 
-28, 
-10, 
12, 
6, 
14, 
-10, 
14, 
30, 
14, 
4, 
38, 
-8, 
26, 
20, 
-14, 
-34, 
10, 
20, 
14, 
-16, 
32, 
32, 
-4, 
46, 
6, 
20, 
30, 
-30, 
-14, 
-20, 
-6, 
-8, 
-34, 
32, 
-10, 
-12, 
-46, 
-6, 
8, 
22, 
-26, 
10, 
32, 
32, 
-24, 
-14, 
16, 
16, 
4, 
22, 
24, 
16, 
-6, 
-18, 
14, 
36, 
-2, 
8, 
-24, 
-10, 
-12, 
-8, 
40, 
34, 
24, 
14, 
56, 
40, 
32, 
56, 
-10, 
0, 
14, 
0, 
-32, 
2, 
-6, 
-10, 
-12, 
-6, 
32, 
-50, 
18, 
32, 
40, 
10, 
-32, 
14, 
32, 
20, 
-16, 
20, 
24, 
-6, 
-2, 
-8, 
-6, 
-12, 
12, 
26, 
12, 
26, 
22, 
34, 
-4, 
-12, 
10, 
-34, 
-2, 
4, 
16, 
-14, 
40, 
8, 
-14, 
-18, 
-22, 
-48, 
-24, 
-8, 
0, 
14, 
18, 
22, 
0, 
-10, 
20, 
18, 
-16, 
-26, 
48, 
42, 
-12, 
20, 
10, 
8, 
-8, 
18, 
0, 
-14, 
-10, 
-8, 
-4, 
30, 
16, 
-10, 
32, 
-4, 
18, 
-4, 
-14, 
24, 
-2, 
-2, 
-12, 
-2, 
14, 
38, 
-2, 
32, 
16, 
-6, 
10, 
-10, 
40, 
-6, 
58, 
-28, 
-38, 
16, 
-6, 
10, 
28, 
10, 
-20, 
6, 
30, 
0, 
-16, 
22, 
8, 
-6, 
-18, 
16, 
44, 
30, 
12, 
40, 
32, 
24, 
14, 
14, 
-10, 
20, 
-18, 
32, 
40, 
14, 
-10, 
-16, 
16, 
6, 
-30, 
-6, 
8, 
20, 
14, 
16, 
32, 
20, 
-6, 
-18, 
8, 
32, 
-4, 
2, 
0, 
-4, 
-16, 
-10, 
-24, 
22, 
24, 
2, 
12, 
30, 
4, 
40, 
6, 
14, 
-2, 
-6, 
0, 
16, 
2, 
38, 
14, 
8, 
24, 
-10, 
-4, 
-26, 
-6, 
18, 
-14, 
36, 
18, 
20, 
6, 
14, 
2, 
-10, 
-10, 
-18, 
-22, 
-10, 
30, 
0, 
-32, 
4, 
40, 
54, 
24, 
12, 
-12, 
6, 
24, 
58, 
-14, 
-14, 
28, 
40, 
2, 
-2, 
14, 
12, 
-18, 
16, 
-12, 
-30, 
-36, 
-14, 
-6, 
-2, 
6, 
2, 
24, 
-34, 
-40, 
-10, 
22, 
54, 
0, 
36, 
2, 
8, 
-6, 
20, 
2, 
-20, 
-10, 
-28, 
-58, 
-38, 
-10, 
6, 
26, 
0, 
18, 
18, 
8, 
6, 
6, 
32, 
6, 
8, 
2, 
26, 
0, 
-24, 
0, 
-2, 
-18, 
-36, 
10, 
30, 
10, 
6, 
22, 
-26, 
12, 
28, 
36, 
34, 
-16, 
-18, 
12, 
-4, 
36, 
0, 
4, 
-2, 
-26, 
-6, 
32, 
-4, 
12, 
20, 
-14, 
26, 
16, 
-18, 
20, 
-18, 
14, 
20, 
24, 
0, 
-2, 
10, 
-12, 
-4, 
0, 
28, 
2, 
14, 
-14, 
22, 
14, 
6, 
56, 
38, 
64, 
-12, 
6, 
22, 
-22, 
2, 
-18, 
8, 
-12, 
-26, 
0, 
24, 
16, 
-4, 
2, 
64, 
14, 
0, 
-30, 
-10, 
24, 
-12, 
14, 
-4, 
8, 
22, 
12, 
30, 
-6, 
-4, 
46, 
16, 
-6, 
-10, 
-10, 
32, 
18, 
32, 
26, 
-2, 
34, 
36, 
22, 
22, 
26, 
-4, 
-12, 
6, 
26, 
-4, 
16, 
-26, 
8, 
-14, 
-18, 
10, 
26, 
20, 
40, 
-12, 
40, 
22, 
16, 
32, 
8, 
2, 
-14, 
4, 
14, 
34, 
-6, 
-4, 
22, 
24, 
-4, 
-54, 
-8, 
22, 
32, 
0, 
-10, 
4, 
38, 
18, 
30, 
22, 
12, 
-34, 
14, 
-12, 
16, 
-14, 
-6, 
-12, 
8, 
32, 
-4, 
-10, 
30, 
28, 
16, 
38, 
-14, 
72, 
34, 
-34, 
-22, 
-4, 
0, 
-18, 
-18, 
-24, 
-20, 
16, 
6, 
8, 
0, 
32, 
4, 
12, 
40, 
14, 
-2, 
8, 
30, 
10, 
-4, 
28, 
34, 
8, 
2, 
-10, 
-34, 
10, 
-2, 
8, 
-4, 
-16, 
-16, 
20, 
48, 
-6, 
18, 
6, 
-16, 
0, 
8, 
-28, 
-2, 
-18, 
-2, 
32, 
24, 
-10, 
-18, 
12, 
24, 
32, 
52, 
6, 
-6, 
-4, 
42, 
32, 
-18, 
8, 
2, 
18, 
-8, 
-8, 
34, 
30, 
-26, 
-2, 
36, 
8, 
4, 
12, 
6, 
4, 
24, 
8, 
32, 
-18, 
16, 
8, 
16, 
48, 
-50, 
-10, 
-26, 
-6, 
-2, 
-18, 
16, 
32, 
-42, 
26, 
12, 
20, 
-10, 
24, 
14, 
34, 
16, 
-2, 
-18, 
36, 
22, 
0, 
10, 
32, 
14, 
26, 
28, 
-26, 
4, 
32, 
38, 
16, 
28, 
-10, 
24, 
12, 
-14, 
22, 
-6, 
32, 
30, 
-38, 
-20, 
-10, 
-12, 
6, 
36, 
0, 
-32, 
14, 
4, 
6, 
24, 
8, 
-8, 
0, 
20, 
-8, 
38, 
-22, 
-8, 
30, 
10, 
36, 
-24, 
34, 
10, 
6, 
12, 
16, 
16, 
22, 
-6, 
6, 
6, 
-4, 
26, 
18, 
-6, 
-4, 
22, 
-2, 
-2, 
8, 
6, 
22, 
-12, 
-2, 
8, 
-12, 
10, 
20, 
20, 
-2, 
48, 
16, 
-2, 
6, 
20, 
0, 
20, 
32, 
-2, 
-8, 
16, 
-10, 
0, 
0, 
-2, 
20, 
32, 
0, 
-6, 
14, 
32, 
4, 
-32, 
4, 
-2, 
-6, 
24, 
16, 
4, 
-28, 
8, 
24, 
34, 
-2, 
-26, 
-2, 
60, 
40, 
12, 
-22, 
10, 
64, 
62, 
8, 
-22, 
-2, 
-18, 
10, 
14, 
-4, 
36, 
10, 
-6, 
10, 
-18, 
-36, 
18, 
20, 
0, 
30, 
6, 
34, 
-18, 
28, 
8, 
20, 
-6, 
6, 
10, 
-8, 
34, 
26, 
0, 
40, 
-2, 
12, 
8, 
36, 
32, 
28, 
12, 
6, 
-10, 
52, 
-8, 
-8, 
4, 
28, 
8, 
-24, 
-10, 
22, 
-4, 
6, 
2, 
-26, 
-2, 
-2, 
26, 
-10, 
44, 
20, 
16, 
18, 
42, 
14, 
-2, 
8, 
22, 
-2, 
24, 
-50, 
0, 
32, 
-2, 
36, 
20, 
10, 
-10, 
10, 
-34, 
0, 
16, 
22, 
32, 
-18, 
-10, 
-2, 
-8, 
30, 
-2, 
22, 
14, 
-8, 
-12, 
-16, 
12, 
30, 
-4, 
4, 
48, 
-14, 
2, 
16, 
30, 
32, 
30, 
-28, 
-22, 
-18, 
0, 
2, 
20, 
-6, 
-4, 
24, 
6, 
-10, 
-22, 
-32, 
-36, 
20, 
2, 
28, 
-14, 
-6, 
-22, 
-18, 
-2, 
6, 
-24, 
-4, 
-4, 
18, 
-16, 
-2, 
16, 
14, 
16, 
26, 
-18, 
-12, 
46, 
32, 
22, 
-8, 
-8, 
-4, 
32, 
-10, 
16, 
26, 
14, 
-10, 
-12, 
-6, 
-2, 
20, 
48, 
42, 
-10, 
16, 
12, 
14, 
10, 
16, 
-28, 
-20, 
8, 
0, 
14, 
-2, 
32, 
-10, 
-10, 
6, 
30, 
-20, 
6, 
-14, 
-14, 
36, 
22, 
18, 
2, 
12, 
34, 
-6, 
-4, 
40, 
-20, 
18, 
30, 
-30, 
-2, 
-26, 
8, 
-10, 
-10, 
10, 
-18, 
16, 
32, 
28, 
48, 
22, 
2, 
20, 
-8, 
50, 
24, 
16, 
22, 
-2, 
-2, 
28, 
-8, 
30, 
18, 
-8, 
10, 
10, 
12, 
-6, 
6, 
18, 
24, 
-8, 
-18, 
-18, 
24, 
28, 
26, 
36, 
-24, 
-10, 
-6, 
20, 
14, 
-18, 
22, 
50, 
8, 
22, 
2, 
14, 
-6, 
42, 
24, 
18, 
8, 
14, 
44, 
-16, 
-28, 
-2, 
16, 
28, 
32, 
-2, 
-34, 
-18, 
64, 
-12, 
-12, 
52, 
-2, 
30, 
40, 
6, 
18, 
-12, 
22, 
4, 
-8, 
-50, 
2, 
46, 
36, 
-8, 
-40, 
12, 
92, 
78, 
20, 
-16, 
-32, 
18, 
10, 
12, 
-32, 
-16, 
40, 
44, 
-14, 
0, 
32, 
18, 
14, 
-50, 
-32, 
-36, 
-18, 
24, 
0, 
44, 
-18, 
44, 
22, 
22, 
32, 
28, 
-38, 
16, 
24, 
0, 
-2, 
-8, 
28, 
56, 
12, 
32, 
14, 
-2, 
10, 
12, 
-2, 
-38, 
-6, 
14, 
46, 
-10, 
24, 
-6, 
-24, 
-8, 
-36, 
-24, 
16, 
4, 
24, 
-16, 
-26, 
-32, 
-2, 
36, 
-4, 
16, 
-4, 
22, 
-28, 
-8, 
24, 
-50, 
-8, 
-26, 
-8, 
-16, 
18, 
18, 
18, 
20, 
-2, 
-12, 
6, 
-4, 
36, 
28, 
10, 
2, 
24, 
8, 
0, 
-8, 
10, 
28, 
10, 
2, 
-16, 
-26, 
14, 
30, 
2, 
-22, 
-26, 
-4, 
14, 
56, 
24, 
-6, 
20, 
2, 
-8, 
34, 
18, 
30, 
12, 
32, 
4, 
-20, 
8, 
16, 
6, 
12, 
24, 
-2, 
18, 
50, 
34, 
-8, 
-18, 
-28, 
24, 
24, 
2, 
2, 
-4, 
-8, 
38, 
-16, 
-8, 
-26, 
-22, 
20, 
-2, 
30, 
-8, 
2, 
24, 
8, 
38, 
-20, 
18, 
38, 
56, 
-2, 
-4, 
12, 
-10, 
34, 
-14, 
-6, 
42, 
2, 
34, 
56, 
-14, 
-18, 
-18, 
-2, 
32, 
16, 
14, 
14, 
12, 
48, 
26, 
-34, 
-6, 
-4, 
0, 
24, 
10, 
-4, 
-24, 
38, 
-2, 
-2, 
6, 
-2, 
34, 
50, 
-14, 
-34, 
-2, 
24, 
20, 
-12, 
-34, 
-34, 
40, 
28, 
10, 
12, 
-22, 
-12, 
-2, 
4, 
4, 
24, 
-18, 
26, 
80, 
6, 
-6, 
-8, 
-14, 
-6, 
-26, 
48, 
-2, 
-18, 
44, 
-28, 
-6, 
16, 
50, 
24, 
54, 
-18, 
-34, 
4, 
40, 
-4, 
-32, 
50, 
-12, 
42, 
34, 
-6, 
20, 
-12, 
-2, 
18, 
-14, 
0, 
-6, 
34, 
34, 
38, 
-12, 
22, 
20, 
16, 
-8, 
0, 
0, 
0, 
-10, 
30, 
-22, 
0, 
20, 
-4, 
20, 
8, 
10, 
-2, 
22, 
40, 
0, 
-12, 
-26, 
6, 
56, 
60, 
24, 
24, 
10, 
-12, 
-18, 
-48, 
18, 
14, 
0, 
28, 
30, 
-16, 
22, 
48, 
-2, 
30, 
-46, 
-24, 
12, 
40, 
-10, 
-22, 
16, 
6, 
0, 
18, 
-16, 
2, 
14, 
20, 
32, 
-10, 
16, 
8, 
6, 
14, 
26, 
18, 
14, 
8, 
-30, 
36, 
28, 
6, 
-12, 
-12, 
4, 
0, 
4, 
16, 
14, 
-6, 
-34, 
22, 
42, 
46, 
32, 
14, 
-10, 
-28, 
10, 
12, 
32, 
10, 
16, 
-14, 
0, 
-6, 
-2, 
-18, 
-26, 
28, 
8, 
-2, 
-2, 
14, 
34, 
22, 
2, 
2, 
-14, 
16, 
10, 
38, 
26, 
18, 
22, 
-2, 
58, 
-16, 
6, 
-6, 
2, 
0, 
32, 
-18, 
32, 
16, 
52, 
16, 
-38, 
-2, 
36, 
8, 
12, 
32, 
-6, 
-12, 
0, 
-16, 
10, 
18, 
32, 
28, 
-16, 
-10, 
-2, 
-36, 
34, 
16, 
2, 
-16, 
18, 
24, 
-8, 
12, 
-14, 
-24, 
-18, 
8, 
-2, 
26, 
22, 
10, 
60, 
14, 
-10, 
-44, 
2, 
20, 
26, 
-6, 
8, 
-14, 
8, 
50, 
-4, 
-4, 
18, 
32, 
30, 
-30, 
22, 
16, 
18, 
-8, 
-8, 
-8, 
24, 
68, 
22, 
20, 
26, 
-4, 
-24, 
-16, 
-4, 
8, 
4, 
28, 
16, 
26, 
24, 
4, 
-24, 
-30, 
14, 
-4, 
-8, 
28, 
26, 
16, 
20, 
-58, 
-10, 
8, 
28, 
50, 
-6, 
-16, 
-14, 
-2, 
8, 
-10, 
22, 
24, 
40, 
64, 
20, 
12, 
-24, 
-2, 
26, 
-12, 
-6, 
18, 
36, 
34, 
20, 
22, 
14, 
-2, 
10, 
-10, 
-2, 
24, 
60, 
16, 
14, 
40, 
-12, 
-12, 
20, 
24, 
-10, 
-38, 
-26, 
8, 
16, 
-24, 
2, 
-12, 
-18, 
12, 
14, 
26, 
-2, 
24, 
6, 
-2, 
-16, 
-28, 
16, 
-2, 
26, 
-8, 
-18, 
20, 
6, 
-6, 
-8, 
-32, 
-2, 
46, 
30, 
36, 
-10, 
22, 
6, 
70, 
-10, 
-16, 
-12, 
6, 
16, 
-14, 
16, 
-44, 
-8, 
24, 
30, 
44, 
2, 
34, 
8, 
-2, 
-12, 
-48, 
-4, 
32, 
34, 
8, 
-2, 
22, 
36, 
18, 
-16, 
-20, 
-52, 
8, 
4, 
18, 
-4, 
-18, 
-2, 
-20, 
38, 
-8, 
0, 
28, 
-20, 
28, 
38, 
4, 
24, 
18, 
-2, 
40, 
24, 
20, 
-18, 
54, 
36, 
-6, 
4, 
-12, 
34, 
64, 
38, 
8, 
24, 
16, 
14, 
-14, 
-20, 
-18, 
-8, 
32, 
4, 
-16, 
12, 
30, 
32, 
36, 
2, 
4, 
18, 
0, 
-10, 
-18, 
8, 
-22, 
28, 
-30, 
-6, 
2, 
48, 
48, 
-18, 
-26, 
-54, 
-28, 
10, 
-2, 
20, 
0, 
22, 
20, 
12, 
18, 
-10, 
-18, 
4, 
46, 
52, 
-10, 
-12, 
-4, 
34, 
60, 
50, 
-20, 
-10, 
0, 
36, 
8, 
0, 
-16, 
32, 
-6, 
16, 
26, 
34, 
-6, 
40, 
6, 
-24, 
4, 
16, 
-12, 
2, 
16, 
20, 
-4, 
-22, 
6, 
8, 
36, 
-2, 
-10, 
4, 
40, 
32, 
32, 
24, 
28, 
14, 
0, 
-22, 
-8, 
-10, 
-14, 
38, 
64, 
26, 
-4, 
26, 
10, 
12, 
16, 
0, 
54, 
18, 
-4, 
6, 
30, 
30, 
-12, 
-20, 
-30, 
10, 
48, 
48, 
14, 
2, 
-18, 
4, 
40, 
2, 
-6, 
10, 
30, 
14, 
-14, 
8, 
18, 
-40, 
-22, 
12, 
-46, 
2, 
6, 
-2, 
12, 
-20, 
-42, 
-40, 
22, 
24, 
6, 
-12, 
-2, 
56, 
18, 
28, 
-16, 
-6, 
12, 
58, 
24, 
2, 
-14, 
0, 
6, 
18, 
-46, 
20, 
22, 
12, 
18, 
28, 
20, 
6, 
-2, 
-26, 
-42, 
2, 
40, 
6, 
48, 
-50, 
-6, 
18, 
22, 
28, 
12, 
24, 
40, 
14, 
28, 
20, 
38, 
16, 
-12, 
48, 
36, 
24, 
28, 
34, 
50, 
32, 
-24, 
-34, 
-26, 
32, 
44, 
8, 
30, 
2, 
26, 
16, 
-4, 
-18, 
8, 
6, 
30, 
10, 
34, 
20, 
34, 
48, 
4, 
-18, 
2, 
-12, 
20, 
30, 
-10, 
34, 
20, 
8, 
4, 
8, 
14, 
26, 
24, 
0, 
8, 
10, 
-8, 
4, 
6, 
-2, 
-2, 
-40, 
26, 
4, 
14, 
4, 
-22, 
-20, 
32, 
56, 
30, 
-6, 
2, 
-2, 
16, 
16, 
32, 
22, 
-14, 
24, 
-8, 
-2, 
-12, 
20, 
14, 
24, 
6, 
10, 
-2, 
8, 
28, 
8, 
-10, 
32, 
-16, 
14, 
-14, 
-2, 
34, 
12, 
44, 
24, 
-2, 
-32, 
-30, 
6, 
10, 
-34, 
10, 
18, 
-2, 
18, 
8, 
18, 
8, 
-12, 
28, 
-4, 
-14, 
14, 
22, 
34, 
-24, 
-18, 
18, 
12, 
-2, 
34, 
-8, 
6, 
20, 
-16, 
22, 
-12, 
-8, 
-4, 
16, 
4, 
-12, 
-4, 
-28, 
-26, 
12, 
-34, 
-10, 
24, 
12, 
6, 
8, 
24, 
-10, 
-34, 
-4, 
16, 
22, 
26, 
-16, 
32, 
24, 
4, 
-20, 
24, 
18, 
30, 
-14, 
-18, 
10, 
-6, 
-6, 
8, 
-26, 
6, 
36, 
52, 
2, 
-12, 
22, 
14, 
-12, 
-32, 
-22, 
-18, 
-4, 
-10, 
16, 
8, 
-20, 
12, 
-20, 
-36, 
-12, 
24, 
-6, 
-8, 
16, 
28, 
12, 
-2, 
-34, 
36, 
16, 
-20, 
-18, 
-2, 
18, 
6, 
-20, 
-38, 
-26, 
42, 
32, 
2, 
-8, 
-6, 
2, 
-4, 
8, 
-14, 
40, 
-24, 
8, 
38, 
-6, 
-2, 
-8, 
34, 
0, 
-4, 
38, 
-14, 
-8, 
14, 
14, 
24, 
-18, 
-2, 
36, 
46, 
-6, 
-8, 
-20, 
4, 
32, 
-6, 
-30, 
0, 
24, 
24, 
2, 
4, 
-16, 
10, 
12, 
20, 
-14, 
-4, 
14, 
32, 
36, 
-6, 
20, 
0, 
-10, 
0, 
-14, 
-20, 
30, 
66, 
12, 
-6, 
-24, 
-18, 
28, 
24, 
-32, 
14, 
-2, 
14, 
18, 
-2, 
-10, 
4, 
20, 
-18, 
32, 
34, 
18, 
40, 
64, 
0, 
-18, 
-12, 
0, 
38, 
8, 
8, 
-26, 
14, 
-12, 
0, 
8, 
-12, 
-30, 
8, 
2, 
16, 
-8, 
18, 
28, 
14, 
-20, 
0, 
-26, 
-34, 
14, 
10, 
32, 
20, 
16, 
-6, 
16, 
-2, 
36, 
36, 
8, 
-10, 
-26, 
-18, 
4, 
8, 
6, 
12, 
10, 
6, 
-4, 
34, 
40, 
12, 
6, 
-8, 
-12, 
32, 
52, 
18, 
-6, 
42, 
-34, 
24, 
-40, 
-8, 
14, 
16, 
-6, 
14, 
24, 
0, 
46, 
-4, 
20, 
16, 
16, 
52, 
0, 
-10, 
-38, 
-4, 
-14, 
22, 
-4, 
-6, 
2, 
22, 
34, 
14, 
8, 
-36, 
-8, 
-2, 
26, 
32, 
8, 
28, 
20, 
6, 
-4, 
-2, 
-22, 
-16, 
8, 
-6, 
-16, 
10, 
8, 
32, 
-12, 
-22, 
-18, 
4, 
38, 
0, 
-4, 
-8, 
0, 
-16, 
2, 
6, 
2, 
12, 
10, 
-10, 
4, 
-30, 
-24, 
6, 
38, 
8, 
28, 
32, 
36, 
36, 
8, 
2, 
-20, 
-24, 
-28, 
-42, 
42, 
-20, 
14, 
14, 
-2, 
-28, 
-10, 
30, 
58, 
28, 
14, 
26, 
10, 
72, 
22, 
14, 
16, 
-24, 
24, 
10, 
24, 
12, 
6, 
-2, 
-16, 
-8, 
-12, 
30, 
42, 
32, 
24, 
-12, 
6, 
38, 
-16, 
-4, 
0, 
-24, 
8, 
20, 
16, 
10, 
-10, 
-18, 
24, 
-30, 
28, 
24, 
-10, 
-2, 
42, 
34, 
-36, 
10, 
-28, 
40, 
46, 
20, 
-12, 
-24, 
-10, 
26, 
-8, 
4, 
6, 
18, 
48, 
14, 
22, 
40, 
56, 
32, 
10, 
8, 
16, 
-2, 
10, 
0, 
-2, 
-16, 
22, 
-26, 
20, 
-2, 
-4, 
-22, 
-10, 
18, 
-10, 
18, 
8, 
8, 
26, 
4, 
30, 
32, 
12, 
12, 
26, 
-2, 
-4, 
-8, 
20, 
4, 
16, 
14, 
24, 
46, 
6, 
-10, 
-4, 
-24, 
4, 
12, 
6, 
-2, 
20, 
36, 
46, 
32, 
28, 
-38, 
16, 
16, 
-12, 
-26, 
10, 
28, 
16, 
0, 
14, 
28, 
32, 
24, 
62, 
16, 
14, 
8, 
12, 
-20, 
-6, 
-8, 
-34, 
-12, 
-14, 
-16, 
-24, 
-50, 
18, 
-8, 
-2, 
4, 
-2, 
-14, 
44, 
-18, 
-28, 
-26, 
-22, 
22, 
-18, 
-18, 
-32, 
14, 
-10, 
-6, 
-30, 
6, 
-4, 
32, 
2, 
16, 
6, 
16, 
-16, 
16, 
10, 
-26, 
-30, 
-16, 
6, 
-38, 
-4, 
-2, 
-34, 
8, 
-22, 
-18, 
10, 
12, 
16, 
8, 
-2, 
10, 
-20, 
12, 
26, 
12, 
12, 
2, 
-18, 
-4, 
-10, 
-30, 
-30, 
-38, 
34, 
-18, 
16, 
-26, 
20, 
-6, 
-14, 
4, 
-2, 
8, 
16, 
8, 
32, 
14, 
-4, 
16, 
-10, 
-8, 
-16, 
-10, 
-42, 
-26, 
46, 
14, 
22, 
0, 
-2, 
44, 
14, 
20, 
16, 
-28, 
16, 
10, 
-48, 
-28, 
-22, 
-34, 
24, 
-12, 
18, 
-10, 
-4, 
-10, 
-6, 
-26, 
20, 
40, 
32, 
32, 
16, 
16, 
14, 
28, 
10, 
0, 
18, 
-14, 
14, 
10, 
-6, 
-14, 
-16, 
-4, 
16, 
0, 
36, 
4, 
20, 
26, 
14, 
8, 
36, 
8, 
14, 
26, 
24, 
-8, 
-34, 
-6, 
14, 
-26, 
-12, 
-8, 
2, 
18, 
-26, 
22, 
40, 
28, 
32, 
-8, 
18, 
26, 
34, 
30, 
-22, 
14, 
-10, 
6, 
26, 
-22, 
-12, 
4, 
-20, 
0, 
10, 
24, 
12, 
30, 
36, 
30, 
16, 
26, 
8, 
8, 
44, 
34, 
-20, 
-16, 
-18, 
-66, 
16, 
-6, 
4, 
18, 
24, 
30, 
30, 
-26, 
24, 
24, 
42, 
4, 
-12, 
-8, 
62, 
16, 
-52, 
-36, 
-18, 
20, 
14, 
18, 
6, 
14, 
16, 
16, 
44, 
26, 
24, 
-10, 
68, 
10, 
44, 
-18, 
-20, 
0, 
8, 
-14, 
-8, 
-10, 
6, 
-2, 
22, 
4, 
24, 
-2, 
18, 
30, 
-8, 
22, 
22, 
24, 
10, 
18, 
0, 
16, 
-18, 
-26, 
-12, 
-28, 
36, 
20, 
-22, 
-18, 
32, 
14, 
38, 
38, 
-4, 
6, 
30, 
12, 
-4, 
30, 
18, 
-24, 
2, 
0, 
24, 
-24, 
24, 
-14, 
-34, 
10, 
16, 
10, 
-12, 
36, 
26, 
18, 
26, 
-8, 
30, 
-2, 
12, 
-6, 
26, 
-6, 
22, 
-6, 
16, 
-12, 
10, 
58, 
22, 
34, 
-2, 
14, 
-2, 
-16, 
2, 
10, 
24, 
16, 
14, 
6, 
0, 
-10, 
18, 
-10, 
-20, 
40, 
22, 
-14, 
18, 
-10, 
0, 
16, 
-12, 
20, 
20, 
16, 
-6, 
0, 
-4, 
30, 
-8, 
2, 
-30, 
-14, 
0, 
18, 
40, 
-10, 
18, 
40, 
-10, 
4, 
2, 
44, 
8, 
30, 
14, 
8, 
28, 
18, 
26, 
-36, 
-34, 
-2, 
30, 
40, 
10, 
-8, 
-18, 
-20, 
-2, 
-10, 
-6, 
16, 
12, 
64, 
-26, 
48, 
4, 
22, 
10, 
-12, 
-24, 
4, 
0, 
-10, 
6, 
16, 
-18, 
-4, 
-2, 
20, 
-10, 
2, 
32, 
40, 
26, 
32, 
12, 
-16, 
8, 
14, 
16, 
-2, 
-26, 
8, 
-26, 
-2, 
0, 
10, 
-2, 
34, 
20, 
30, 
6, 
10, 
6, 
30, 
16, 
-8, 
20, 
40, 
4, 
12, 
8, 
-10, 
-10, 
8, 
6, 
6, 
-12, 
-18, 
4, 
40, 
48, 
10, 
46, 
14, 
46, 
12, 
-28, 
12, 
-26, 
16, 
-6, 
-50, 
-16, 
0, 
44, 
40, 
0, 
-2, 
24, 
22, 
28, 
24, 
-2, 
22, 
22, 
10, 
4, 
16, 
28, 
46, 
8, 
-12, 
2, 
8, 
26, 
32, 
-16, 
24, 
-6, 
-2, 
14, 
-32, 
40, 
-2, 
10, 
28, 
18, 
-10, 
6, 
14, 
10, 
-10, 
-12, 
20, 
-20, 
16, 
28, 
22, 
2, 
40, 
50, 
14, 
62, 
30, 
34, 
34, 
12, 
-8, 
-16, 
-10, 
32, 
14, 
-12, 
-6, 
56, 
0, 
22, 
-6, 
-12, 
4, 
38, 
38, 
-6, 
16, 
30, 
16, 
24, 
42, 
24, 
14, 
-22, 
26, 
-14, 
-26, 
-18, 
-20, 
-26, 
8, 
16, 
-12, 
-38, 
4, 
24, 
76, 
92, 
66, 
-10, 
42, 
10, 
16, 
38, 
16, 
16, 
40, 
30, 
48, 
-58, 
-26, 
16, 
10, 
38, 
78, 
4, 
30, 
6, 
-6, 
-2, 
12, 
12, 
16, 
24, 
30, 
42, 
16, 
-10, 
-28, 
18, 
-4, 
24, 
-6, 
14, 
14, 
12, 
14, 
26, 
22, 
10, 
32, 
-10, 
-18, 
-12, 
0, 
-24, 
-32, 
-30, 
22, 
-2, 
8, 
-8, 
10, 
10, 
28, 
-16, 
36, 
56, 
38, 
26, 
-24, 
20, 
-2, 
38, 
0, 
-6, 
-46, 
-4, 
30, 
18, 
18, 
0, 
4, 
2, 
10, 
22, 
28, 
20, 
-2, 
22, 
-20, 
8, 
20, 
28, 
22, 
-2, 
-2, 
6, 
2, 
-30, 
-14, 
-16, 
-10, 
10, 
-32, 
4, 
40, 
-6, 
-8, 
8, 
10, 
28, 
30, 
2, 
20, 
-14, 
16, 
8, 
6, 
-12, 
32, 
-8, 
-2, 
-14, 
-10, 
32, 
48, 
20, 
20, 
24, 
-2, 
28, 
48, 
38, 
8, 
-42, 
26, 
-14, 
-10, 
-10, 
-50, 
26, 
62, 
24, 
4, 
36, 
42, 
2, 
32, 
-30, 
-18, 
34, 
52, 
26, 
-12, 
18, 
-10, 
8, 
14, 
-36, 
16, 
-2, 
-8, 
-8, 
-12, 
4, 
40, 
12, 
22, 
8, 
6, 
32, 
56, 
4, 
-32, 
12, 
2, 
-26, 
-18, 
-18, 
-18, 
-2, 
2, 
20, 
8, 
4, 
-6, 
12, 
32, 
18, 
18, 
14, 
-10, 
10, 
30, 
8, 
26, 
-28, 
0, 
-10, 
14, 
26, 
-10, 
-6, 
30, 
-18, 
32, 
4, 
38, 
48, 
38, 
24, 
12, 
36, 
2, 
-24, 
4, 
24, 
-18, 
6, 
14, 
4, 
-16, 
2, 
-6, 
34, 
6, 
6, 
34, 
28, 
8, 
36, 
14, 
4, 
2, 
-4, 
38, 
16, 
28, 
-38, 
-28, 
40, 
-22, 
-34, 
-22, 
8, 
8, 
32, 
-18, 
48, 
32, 
40, 
8, 
40, 
-36, 
-4, 
40, 
-34, 
-4, 
-10, 
-8, 
-38, 
-4, 
-32, 
-10, 
4, 
16, 
12, 
28, 
46, 
30, 
-22, 
34, 
16, 
-6, 
8, 
-2, 
8, 
28, 
2, 
-38, 
-28, 
34, 
18, 
32, 
24, 
46, 
42, 
30, 
62, 
16, 
-6, 
70, 
196, 
746, 
144, 
-756, 
-446, 
-804, 
-210, 
18, 
798, 
456, 
-38, 
-468, 
316, 
1528, 
588, 
348, 
30, 
-992, 
-980, 
-860, 
594, 
508, 
22, 
-514, 
124, 
1408, 
770, 
690, 
-652, 
-222, 
-1382, 
-1202, 
300, 
628, 
306, 
-472, 
8, 
870, 
1188, 
672, 
-840, 
318, 
-1512, 
-1188, 
-290, 
668, 
496, 
-250, 
-270, 
220, 
1446, 
546, 
-242, 
208, 
-1208, 
-1130, 
-822, 
566, 
518, 
30, 
-506, 
-64, 
1356, 
584, 
638, 
-234, 
-304, 
-1132, 
-1272, 
202, 
562, 
246, 
-622, 
-126, 
916, 
1060, 
1056, 
-534, 
370, 
-1216, 
-1414, 
-306, 
566, 
432, 
-344, 
-136, 
342, 
1456, 
992, 
-336, 
420, 
-1070, 
-1306, 
-864, 
550, 
574, 
30, 
-318, 
-120, 
1440, 
634, 
320, 
-28, 
-546, 
-1110, 
-1256, 
244, 
606, 
324, 
-468, 
-382, 
914, 
688, 
894, 
-458, 
134, 
-1014, 
-1418, 
-290, 
594, 
526, 
-448, 
-328, 
268, 
1056, 
1084, 
-398, 
502, 
-914, 
-1374, 
-894, 
460, 
560, 
-102, 
-264, 
-172, 
1380, 
914, 
120, 
312, 
-548, 
-1144, 
-1314, 
186, 
578, 
416, 
-260, 
-396, 
1166, 
786, 
828, 
-84, 
-44, 
-996, 
-1480, 
-290, 
560, 
704, 
-244, 
-292, 
504, 
860, 
1152, 
-332, 
434, 
-732, 
-1378, 
-810, 
458, 
710, 
-146, 
-278, 
-226, 
1128, 
1064, 
-88, 
470, 
-412, 
-1144, 
-1312, 
132, 
560, 
226, 
-302, 
-646, 
1086, 
896, 
546, 
144, 
-12, 
-936, 
-1558, 
-292, 
422, 
562, 
-286, 
-552, 
654, 
772, 
1096, 
-148, 
310, 
-696, 
-1458, 
-852, 
318, 
806, 
-112, 
-282, 
-50, 
864, 
1194, 
-102, 
408, 
-366, 
-1204, 
-1290, 
182, 
692, 
264, 
-84, 
-626, 
926, 
982, 
332, 
362, 
6, 
-824, 
-1494, 
-250, 
416, 
624, 
-112, 
-752, 
728, 
734, 
878, 
92, 
304, 
-554, 
-1472, 
-848, 
188, 
824, 
-120, 
-426, 
106, 
696, 
1264, 
-50, 
390, 
-324, 
-1226, 
-1366, 
-50, 
712, 
110, 
-60, 
-522, 
786, 
1146, 
250, 
400, 
8, 
-868, 
-1602, 
-314, 
446, 
472, 
110, 
-820, 
672, 
832, 
702, 
188, 
292, 
-510, 
-1484, 
-740, 
140, 
836, 
62, 
-576, 
266, 
602, 
1186, 
104, 
482, 
-170, 
-1122, 
-1276, 
-96, 
846, 
84, 
-166, 
-372, 
570, 
1126, 
208, 
446, 
88, 
-710, 
-1596, 
-398, 
522, 
326, 
138, 
-802, 
510, 
948, 
604, 
260, 
266, 
-440, 
-1618, 
-780, 
40, 
684, 
278, 
-746, 
238, 
636, 
930, 
168, 
440, 
-176, 
-1246, 
-1202, 
-236, 
808, 
238, 
-348, 
-228, 
422, 
1088, 
208, 
454, 
110, 
-728, 
-1546, 
-544, 
626, 
292, 
182, 
-666, 
386, 
1034, 
540, 
378, 
386, 
-286, 
-1580, 
-790, 
124, 
530, 
372, 
-788, 
232, 
684, 
854, 
222, 
536, 
-36, 
-1298, 
-1112, 
-346, 
760, 
408, 
-498, 
-106, 
464, 
1058, 
214, 
502, 
136, 
-770, 
-1506, 
-666, 
692, 
308, 
10, 
-496, 
246, 
1010, 
422, 
416, 
354, 
-296, 
-1608, 
-880, 
292, 
374, 
438, 
-776, 
148, 
776, 
692, 
240, 
534, 
52, 
-1360, 
-1060, 
-294, 
612, 
594, 
-616, 
-68, 
460, 
968, 
212, 
560, 
226, 
-816, 
-1354, 
-760, 
622, 
438, 
-108, 
-360, 
208, 
1026, 
388, 
484, 
378, 
-202, 
-1540, 
-1038, 
416, 
386, 
386, 
-590, 
6, 
878, 
650, 
280, 
474, 
190, 
-1398, 
-1154, 
-202, 
426, 
678, 
-602, 
-110, 
526, 
868, 
198, 
550, 
346, 
-922, 
-1274, 
-744, 
510, 
592, 
-242, 
-318, 
186, 
938, 
276, 
492, 
454, 
-264, 
-1372, 
-1174, 
416, 
430, 
228, 
-490, 
-30, 
848, 
550, 
320, 
488, 
294, 
-1340, 
-1286, 
-66, 
308, 
652, 
-518, 
-184, 
522, 
798, 
238, 
544, 
478, 
-932, 
-1230, 
-702, 
352, 
710, 
-280, 
-304, 
208, 
914, 
238, 
484, 
510, 
-322, 
-1256, 
-1226, 
228, 
570, 
126, 
-436, 
-82, 
882, 
474, 
360, 
482, 
314, 
-1202, 
-1416, 
-54, 
360, 
606, 
-456, 
-256, 
520, 
720, 
214, 
504, 
638, 
-920, 
-1342, 
-618, 
258, 
796, 
-272, 
-346, 
232, 
870, 
196, 
466, 
654, 
-364, 
-1182, 
-1188, 
126, 
658, 
90, 
-388, 
-84, 
838, 
398, 
436, 
494, 
280, 
-1002, 
-1528, 
-120, 
390, 
538, 
-368, 
-296, 
590, 
664, 
266, 
406, 
722, 
-794, 
-1466, 
-592, 
166, 
808, 
-224, 
-380, 
180, 
848, 
210, 
374, 
778, 
-350, 
-1164, 
-1150, 
-48, 
744, 
68, 
-400, 
-116, 
802, 
338, 
398, 
620, 
244, 
-870, 
-1528, 
-242, 
466, 
466, 
-338, 
-304, 
576, 
574, 
286, 
414, 
718, 
-624, 
-1572, 
-610, 
120, 
760, 
-156, 
-406, 
210, 
778, 
282, 
318, 
896, 
-248, 
-1246, 
-1070, 
-140, 
744, 
110, 
-380, 
-110, 
806, 
262, 
326, 
710, 
178, 
-852, 
-1490, 
-370, 
500, 
418, 
-320, 
-302, 
606, 
458, 
318, 
512, 
678, 
-466, 
-1556, 
-678, 
124, 
702, 
-124, 
-410, 
206, 
726, 
240, 
246, 
912, 
-102, 
-1272, 
-1008, 
-232, 
758, 
166, 
-374, 
-164, 
774, 
298, 
278, 
822, 
200, 
-806, 
-1438, 
-526, 
528, 
428, 
-232, 
-346, 
618, 
436, 
300, 
514, 
600, 
-316, 
-1566, 
-752, 
144, 
720, 
-32, 
-434, 
230, 
634, 
326, 
194, 
848, 
22, 
-1236, 
-1044, 
-260, 
712, 
194, 
-352, 
-98, 
744, 
320, 
124, 
842, 
326, 
-776, 
-1318, 
-612, 
496, 
438, 
-266, 
-380, 
622, 
390, 
222, 
586, 
650, 
-214, 
-1458, 
-890, 
146, 
632, 
-18, 
-416, 
296, 
560, 
306, 
272, 
816, 
164, 
-1290, 
-1082, 
-306, 
660, 
190, 
-352, 
-94, 
666, 
378, 
124, 
864, 
456, 
-800, 
-1298, 
-694, 
500, 
450, 
-214, 
-410, 
578, 
406, 
146, 
670, 
618, 
-186, 
-1302, 
-966, 
120, 
614, 
20, 
-466, 
298, 
486, 
272, 
314, 
788, 
254, 
-1222, 
-1120, 
-350, 
624, 
234, 
-398, 
-98, 
578, 
354, 
74, 
812, 
558, 
-754, 
-1268, 
-716, 
434, 
438, 
-194, 
-420, 
576, 
450, 
8, 
642, 
672, 
-210, 
-1276, 
-1014, 
62, 
618, 
54, 
-520, 
338, 
476, 
190, 
334, 
782, 
326, 
-1088, 
-1202, 
-360, 
632, 
266, 
-366, 
-74, 
520, 
364, 
62, 
790, 
646, 
-658, 
-1216, 
-768, 
382, 
464, 
-178, 
-392, 
516, 
446, 
-8, 
640, 
764, 
-162, 
-1226, 
-1082, 
-10, 
586, 
70, 
-546, 
348, 
470, 
108, 
340, 
764, 
378, 
-1032, 
-1248, 
-436, 
558, 
290, 
-432, 
6, 
472, 
318, 
46, 
710, 
726, 
-592, 
-1266, 
-820, 
356, 
432, 
-154, 
-356, 
432, 
464, 
-78, 
626, 
862, 
-124, 
-1156, 
-1094, 
28, 
516, 
130, 
-550, 
272, 
546, 
2, 
350, 
798, 
368, 
-926, 
-1224, 
-422, 
494, 
318, 
-466, 
72, 
494, 
228, 
102, 
746, 
728, 
-600, 
-1238, 
-878, 
318, 
438, 
-202, 
-248, 
396, 
434, 
-66, 
550, 
890, 
-32, 
-1136, 
-1146, 
-6, 
494, 
144, 
-490, 
278, 
528, 
-34, 
316, 
880, 
392, 
-878, 
-1280, 
-442, 
478, 
394, 
-482, 
58, 
506, 
182, 
98, 
732, 
756, 
-458, 
-1218, 
-856, 
278, 
506, 
-240, 
-182, 
366, 
410, 
-54, 
512, 
920, 
0, 
-1060, 
-1162, 
-50, 
490, 
98, 
-438, 
236, 
528, 
-2, 
288, 
894, 
478, 
-780, 
-1288, 
-494, 
430, 
418, 
-498, 
24, 
524, 
120, 
102, 
704, 
786, 
-410, 
-1236, 
-896, 
252, 
542, 
-262, 
-202, 
394, 
352, 
-74, 
462, 
940, 
50, 
-1042, 
-1212, 
-90, 
536, 
96, 
-438, 
192, 
550, 
-30, 
210, 
926, 
520, 
-686, 
-1284, 
-472, 
334, 
398, 
-432, 
-12, 
528, 
92, 
30, 
690, 
828, 
-300, 
-1218, 
-926, 
150, 
540, 
-280, 
-216, 
424, 
302, 
-100, 
440, 
980, 
134, 
-970, 
-1242, 
-138, 
516, 
38, 
-350, 
222, 
498, 
-40, 
186, 
898, 
568, 
-642, 
-1268, 
-502, 
302, 
360, 
-394, 
-24, 
558, 
80, 
-26, 
708, 
832, 
-236, 
-1204, 
-888, 
82, 
576, 
-298, 
-188, 
462, 
320, 
-116, 
416, 
984, 
190, 
-846, 
-1222, 
-204, 
540, 
2, 
-354, 
222, 
446, 
-44, 
160, 
892, 
590, 
-550, 
-1328, 
-486, 
278, 
328, 
-374, 
-46, 
550, 
108, 
-32, 
720, 
854, 
-170, 
-1174, 
-910, 
16, 
600, 
-266, 
-236, 
446, 
292, 
-100, 
418, 
968, 
304, 
-848, 
-1190, 
-316, 
534, 
8, 
-330, 
206, 
476, 
-106, 
152, 
852, 
554, 
-464, 
-1296, 
-610, 
334, 
312, 
-358, 
2, 
540, 
62, 
-64, 
682, 
872, 
-28, 
-1198, 
-926, 
-16, 
496, 
-246, 
-232, 
448, 
264, 
-144, 
402, 
952, 
302, 
-798, 
-1194, 
-348, 
544, 
32, 
-344, 
230, 
448, 
-96, 
116, 
882, 
652, 
-376, 
-1266, 
-664, 
288, 
264, 
-306, 
-32, 
532, 
70, 
-114, 
654, 
896, 
74, 
-1134, 
-992, 
-44, 
472, 
-208, 
-212, 
398, 
270, 
-176, 
376, 
928, 
406, 
-776, 
-1168, 
-416, 
506, 
42, 
-338, 
242, 
438, 
-104, 
76, 
846, 
688, 
-284, 
-1232, 
-752, 
298, 
274, 
-332, 
14, 
510, 
72, 
-76, 
606, 
910, 
152, 
-1044, 
-992, 
-10, 
448, 
-172, 
-258, 
382, 
288, 
-182, 
292, 
966, 
498, 
-744, 
-1140, 
-488, 
446, 
54, 
-302, 
218, 
462, 
-152, 
70, 
820, 
758, 
-230, 
-1144, 
-810, 
288, 
238, 
-328, 
-48, 
554, 
50, 
-118, 
554, 
852, 
248, 
-996, 
-1064, 
-124, 
400, 
-172, 
-246, 
400, 
258, 
-232, 
264, 
908, 
584, 
-642, 
-1100, 
-526, 
416, 
34, 
-372, 
230, 
458, 
-144, 
-10, 
766, 
766, 
-172, 
-1096, 
-856, 
242, 
290, 
-318, 
-52, 
532, 
60, 
-200, 
572, 
928, 
294, 
-880, 
-1070, 
-134, 
370, 
-174, 
-240, 
430, 
272, 
-212, 
184, 
894, 
654, 
-550, 
-1152, 
-546, 
392, 
64, 
-378, 
202, 
416, 
-146, 
-82, 
760, 
868, 
-118, 
-1040, 
-938, 
184, 
240, 
-310, 
-56, 
498, 
78, 
-208, 
458, 
924, 
330, 
-840, 
-1090, 
-158, 
368, 
-164, 
-236, 
444, 
284, 
-246, 
190, 
980, 
702, 
-500, 
-1190, 
-594, 
364, 
96, 
-322, 
202, 
472, 
-144, 
-140, 
682, 
862, 
-60, 
-1014, 
-938, 
166, 
282, 
-316, 
-20, 
542, 
50, 
-248, 
456, 
954, 
398, 
-732, 
-1136, 
-212, 
388, 
-172, 
-260, 
446, 
268, 
-266, 
120, 
858, 
712, 
-394, 
-1162, 
-570, 
310, 
88, 
-300, 
238, 
458, 
-150, 
-120, 
614, 
938, 
-10, 
-950, 
-894, 
108, 
242, 
-298, 
-48, 
520, 
70, 
-238, 
404, 
946, 
442, 
-652, 
-1136, 
-234, 
374, 
-184, 
-268, 
400, 
278, 
-282, 
106, 
840, 
754, 
-308, 
-1154, 
-600, 
282, 
48, 
-358, 
224, 
490, 
-136, 
-150, 
616, 
952, 
58, 
-948, 
-952, 
50, 
226, 
-316, 
-52, 
478, 
50, 
-310, 
342, 
986, 
516, 
-588, 
-1128, 
-262, 
324, 
-136, 
-218, 
426, 
288, 
-312, 
78, 
824, 
774, 
-202, 
-1136, 
-614, 
278, 
40, 
-356, 
208, 
478, 
-168, 
-150, 
554, 
942, 
160, 
-870, 
-964, 
44, 
210, 
-346, 
-24, 
492, 
72, 
-306, 
308, 
982, 
556, 
-574, 
-1098, 
-292, 
300, 
-164, 
-212, 
440, 
290, 
-306, 
10, 
794, 
784, 
-138, 
-1106, 
-656, 
212, 
-10, 
-330, 
230, 
488, 
-166, 
-204, 
544, 
964, 
230, 
-872, 
-942, 
-4, 
202, 
-284, 
-34, 
546, 
84, 
-310, 
240, 
994, 
604, 
-450, 
-1092, 
-306, 
218, 
-152, 
-252, 
364, 
334, 
-298, 
-70, 
814, 
808, 
-28, 
-1010, 
-660, 
138, 
-6, 
-330, 
178, 
478, 
-160, 
-218, 
512, 
936, 
336, 
-846, 
-944, 
-10, 
178, 
-314, 
-26, 
474, 
50, 
-298, 
202, 
956, 
600, 
-442, 
-1108, 
-366, 
234, 
-178, 
-260, 
400, 
300, 
-266, 
-98, 
758, 
854, 
28, 
-1042, 
-684, 
166, 
10, 
-366, 
174, 
508, 
-106, 
-306, 
472, 
960, 
392, 
-726, 
-980, 
-98, 
192, 
-334, 
-72, 
526, 
82, 
-304, 
138, 
888, 
704, 
-358, 
-1076, 
-418, 
220, 
-182, 
-290, 
412, 
314, 
-256, 
-146, 
746, 
888, 
134, 
-956, 
-696, 
136, 
-26, 
-374, 
150, 
500, 
-110, 
-276, 
410, 
932, 
462, 
-718, 
-934, 
-90, 
152, 
-304, 
-72, 
526, 
122, 
-326, 
118, 
894, 
718, 
-256, 
-1012, 
-396, 
212, 
-204, 
-292, 
422, 
312, 
-250, 
-176, 
688, 
884, 
162, 
-928, 
-670, 
104, 
-10, 
-356, 
186, 
496, 
-62, 
-342, 
418, 
934, 
522, 
-660, 
-928, 
-136, 
140, 
-370, 
-94, 
512, 
112, 
-336, 
92, 
782, 
784, 
-206, 
-984, 
-410, 
162, 
-218, 
-294, 
396, 
354, 
-254, 
-204, 
656, 
914, 
240, 
-898, 
-752, 
52, 
-48, 
-404, 
146, 
478, 
-32, 
-350, 
370, 
930, 
608, 
-548, 
-918, 
-174, 
110, 
-354, 
-118, 
518, 
142, 
-406, 
16, 
758, 
812, 
-168, 
-942, 
-460, 
126, 
-202, 
-316, 
416, 
358, 
-250, 
-242, 
600, 
938, 
356, 
-808, 
-742, 
42, 
-82, 
-400, 
152, 
460, 
0, 
-422, 
290, 
916, 
646, 
-504, 
-936, 
-170, 
86, 
-384, 
-122, 
518, 
192, 
-410, 
-20, 
762, 
854, 
-130, 
-924, 
-482, 
126, 
-250, 
-334, 
384, 
386, 
-216, 
-270, 
530, 
932, 
362, 
-762, 
-750, 
14, 
-38, 
-426, 
160, 
498, 
6, 
-474, 
250, 
858, 
710, 
-444, 
-902, 
-234, 
54, 
-392, 
-100, 
504, 
222, 
-388, 
-42, 
686, 
894, 
-66, 
-936, 
-494, 
82, 
-216, 
-316, 
368, 
430, 
-232, 
-286, 
484, 
926, 
408, 
-712, 
-752, 
26, 
-38, 
-432, 
166, 
480, 
6, 
-412, 
208, 
850, 
704, 
-374, 
-884, 
-236, 
60, 
-390, 
-136, 
508, 
252, 
-390, 
-62, 
664, 
928, 
32, 
-888, 
-500, 
78, 
-182, 
-370, 
346, 
406, 
-232, 
-316, 
390, 
966, 
430, 
-664, 
-720, 
-12, 
-76, 
-464, 
84, 
484, 
70, 
-408, 
148, 
864, 
750, 
-290, 
-882, 
-230, 
52, 
-404, 
-188, 
462, 
316, 
-360, 
-124, 
672, 
976, 
134, 
-818, 
-462, 
68, 
-242, 
-360, 
308, 
476, 
-210, 
-288, 
328, 
930, 
502, 
-658, 
-732, 
-54, 
-82, 
-486, 
88, 
486, 
30, 
-438, 
108, 
828, 
824, 
-222, 
-880, 
-296, 
62, 
-440, 
-162, 
440, 
314, 
-386, 
-176, 
574, 
958, 
200, 
-764, 
-530, 
42, 
-254, 
-354, 
288, 
488, 
-144, 
-380, 
338, 
956, 
582, 
-550, 
-720, 
-106, 
-44, 
-480, 
70, 
526, 
90, 
-406, 
30, 
778, 
856, 
-158, 
-798, 
-302, 
66, 
-444, 
-198, 
412, 
326, 
-340, 
-220, 
538, 
980, 
264, 
-750, 
-546, 
32, 
-240, 
-390, 
220, 
512, 
-124, 
-382, 
214, 
910, 
650, 
-472, 
-718, 
-88, 
-116, 
-514, 
-22, 
506, 
112, 
-424, 
-76, 
782, 
890, 
-66, 
-752, 
-340, 
32, 
-444, 
-206, 
374, 
378, 
-296, 
-252, 
506, 
956, 
378, 
-678, 
-560, 
10, 
-278, 
-366, 
220, 
518, 
-140, 
-386, 
202, 
882, 
658, 
-402, 
-636, 
-126, 
-106, 
-466, 
28, 
510, 
116, 
-406, 
-98, 
724, 
866, 
-36, 
-740, 
-366, 
32, 
-438, 
-220, 
392, 
384, 
-270, 
-284, 
456, 
978, 
368, 
-626, 
-546, 
2, 
-350, 
-392, 
204, 
502, 
-132, 
-380, 
130, 
884, 
696, 
-388, 
-642, 
-112, 
-176, 
-434, 
-46, 
544, 
122, 
-384, 
-124, 
656, 
908, 
-42, 
-734, 
-340, 
-16, 
-482, 
-228, 
398, 
374, 
-274, 
-306, 
440, 
990, 
374, 
-596, 
-524, 
-4, 
-368, 
-404, 
198, 
502, 
-108, 
-394, 
132, 
856, 
680, 
-358, 
-656, 
-90, 
-152, 
-452, 
-22, 
506, 
138, 
-360, 
-106, 
682, 
944, 
6, 
-696, 
-336, 
-28, 
-502, 
-224, 
412, 
348, 
-248, 
-336, 
442, 
962, 
374, 
-562, 
-496, 
-18, 
-374, 
-396, 
216, 
500, 
-128, 
-392, 
132, 
862, 
682, 
-312, 
-638, 
-90, 
-268, 
-514, 
-2, 
488, 
136, 
-402, 
-94, 
682, 
926, 
4, 
-690, 
-252, 
-68, 
-460, 
-244, 
432, 
312, 
-258, 
-316, 
400, 
954, 
358, 
-510, 
-450, 
0, 
-406, 
-412, 
226, 
468, 
-54, 
-398, 
146, 
874, 
692, 
-332, 
-612, 
-72, 
-240, 
-448, 
-32, 
466, 
150, 
-400, 
-80, 
638, 
922, 
16, 
-652, 
-234, 
-88, 
-488, 
-284, 
446, 
318, 
-266, 
-340, 
392, 
960, 
368, 
-510, 
-412, 
-8, 
-416, 
-446, 
226, 
482, 
-50, 
-442, 
108, 
866, 
666, 
-322, 
-596, 
-62, 
-278, 
-516, 
-8, 
514, 
134, 
-402, 
-146, 
686, 
854, 
-8, 
-612, 
-204, 
-132, 
-528, 
-258, 
464, 
340, 
-282, 
-306, 
400, 
974, 
350, 
-512, 
-404, 
-10, 
-418, 
-430, 
286, 
456, 
-90, 
-434, 
126, 
908, 
688, 
-266, 
-560, 
-64, 
-306, 
-532, 
14, 
542, 
154, 
-392, 
-140, 
652, 
880, 
26, 
-618, 
-120, 
-162, 
-516, 
-262, 
450, 
312, 
-290, 
-340, 
386, 
978, 
338, 
-520, 
-316, 
-70, 
-442, 
-468, 
264, 
466, 
-96, 
-468, 
94, 
868, 
654, 
-274, 
-486, 
-62, 
-316, 
-562, 
62, 
512, 
110, 
-404, 
-156, 
704, 
828, 
28, 
-554, 
-110, 
-204, 
-554, 
-254, 
464, 
314, 
-294, 
-368, 
364, 
934, 
370, 
-466, 
-274, 
-66, 
-496, 
-438, 
276, 
438, 
-114, 
-434, 
80, 
864, 
632, 
-250, 
-424, 
-14, 
-310, 
-592, 
48, 
524, 
142, 
-416, 
-172, 
676, 
842, 
24, 
-532, 
-150, 
-190, 
-548, 
-242, 
410, 
320, 
-306, 
-352, 
398, 
914, 
362, 
-444, 
-232, 
-72, 
-456, 
-442, 
296, 
444, 
-96, 
-402, 
68, 
866, 
644, 
-290, 
-376, 
-106, 
-330, 
-576, 
14, 
458, 
172, 
-394, 
-212, 
674, 
822, 
-4, 
-452, 
-96, 
-184, 
-544, 
-232, 
406, 
290, 
-292, 
-344, 
426, 
876, 
336, 
-432, 
-216, 
-86, 
-500, 
-420, 
282, 
430, 
-80, 
-464, 
82, 
856, 
664, 
-290, 
-362, 
-54, 
-336, 
-590, 
18, 
496, 
144, 
-392, 
-228, 
656, 
848, 
38, 
-448, 
-116, 
-212, 
-584, 
-228, 
382, 
362, 
-266, 
-408, 
368, 
882, 
338, 
-414, 
-178, 
-104, 
-478, 
-444, 
232, 
438, 
-78, 
-452, 
64, 
876, 
680, 
-188, 
-302, 
-92, 
-364, 
-604, 
16, 
454, 
160, 
-394, 
-204, 
668, 
808, 
34, 
-426, 
-114, 
-224, 
-610, 
-208, 
382, 
346, 
-252, 
-376, 
396, 
890, 
336, 
-356, 
-178, 
-82, 
-570, 
-448, 
190, 
452, 
-34, 
-442, 
94, 
810, 
652, 
-222, 
-256, 
-26, 
-354, 
-570, 
-2, 
490, 
156, 
-422, 
-208, 
640, 
846, 
16, 
-354, 
-78, 
-248, 
-640, 
-236, 
402, 
320, 
-240, 
-396, 
394, 
890, 
336, 
-340, 
-170, 
-114, 
-568, 
-438, 
228, 
446, 
-98, 
-496, 
54, 
840, 
652, 
-196, 
-240, 
-56, 
-396, 
-564, 
10, 
446, 
134, 
-420, 
-216, 
632, 
824, 
24, 
-312, 
-48, 
-280, 
-642, 
-238, 
392, 
332, 
-292, 
-372, 
354, 
868, 
310, 
-306, 
-102, 
-122, 
-560, 
-438, 
236, 
406, 
-54, 
-504, 
66, 
816, 
580, 
-194, 
-220, 
-66, 
-428, 
-572, 
32, 
444, 
140, 
-394, 
-186, 
630, 
814, 
24, 
-290, 
-46, 
-288, 
-636, 
-246, 
400, 
334, 
-268, 
-406, 
376, 
870, 
304, 
-282, 
-68, 
-110, 
-582, 
-434, 
250, 
430, 
-64, 
-508, 
92, 
818, 
576, 
-222, 
-172, 
-48, 
-464, 
-600, 
10, 
440, 
154, 
-468, 
-178, 
622, 
788, 
12, 
-226, 
10, 
-248, 
-642, 
-228, 
378, 
304, 
-270, 
-400, 
370, 
898, 
274, 
-238, 
-100, 
-138, 
-620, 
-468, 
238, 
426, 
-72, 
-460, 
74, 
830, 
534, 
-144, 
-172, 
-60, 
-514, 
-646, 
28, 
428, 
152, 
-432, 
-190, 
618, 
784, 
16, 
-196, 
38, 
-298, 
-656, 
-244, 
380, 
322, 
-322, 
-410, 
396, 
856, 
292, 
-224, 
-66, 
-138, 
-592, 
-444, 
200, 
438, 
-76, 
-468, 
42, 
816, 
558, 
-128, 
-130, 
-2, 
-494, 
-598, 
-20, 
452, 
98, 
-468, 
-210, 
616, 
740, 
32, 
-200, 
2, 
-320, 
-668, 
-252, 
354, 
318, 
-300, 
-394, 
352, 
842, 
276, 
-200, 
-48, 
-130, 
-608, 
-440, 
188, 
396, 
-98, 
-482, 
54, 
782, 
562, 
-138, 
-78, 
2, 
-488, 
-594, 
-20, 
446, 
172, 
-444, 
-198, 
612, 
722, 
14, 
-172, 
24, 
-326, 
-688, 
-252, 
358, 
318, 
-280, 
-394, 
324, 
846, 
294, 
-148, 
30, 
-150, 
-634, 
-458, 
184, 
440, 
-86, 
-478, 
66, 
802, 
538, 
-104, 
-72, 
14, 
-510, 
-616, 
-2, 
460, 
158, 
-424, 
-196, 
600, 
722, 
58, 
-136, 
60, 
-312, 
-712, 
-262, 
346, 
324, 
-300, 
-352, 
370, 
834, 
252, 
-140, 
32, 
-148, 
-682, 
-506, 
206, 
442, 
-48, 
-446, 
72, 
808, 
496, 
-82, 
-42, 
-42, 
-486, 
-650, 
-18, 
436, 
116, 
-426, 
-192, 
624, 
700, 
80, 
-72, 
60, 
-314, 
-680, 
-264, 
338, 
316, 
-288, 
-370, 
398, 
766, 
282, 
-116, 
96, 
-122, 
-638, 
-452, 
190, 
440, 
-62, 
-440, 
94, 
804, 
484, 
-76, 
8, 
-44, 
-526, 
-588, 
-28, 
454, 
152, 
-444, 
-186, 
602, 
688, 
84, 
-66, 
74, 
-364, 
-672, 
-240, 
348, 
346, 
-392, 
-362, 
400, 
762, 
258, 
-138, 
82, 
-184, 
-650, 
-460, 
188, 
452, 
-90, 
-470, 
68, 
752, 
462, 
-36, 
32, 
6, 
-540, 
-656, 
-68, 
436, 
142, 
-444, 
-150, 
620, 
644, 
54, 
-18, 
82, 
-342, 
-698, 
-266, 
324, 
320, 
-326, 
-366, 
400, 
766, 
232, 
-100, 
122, 
-230, 
-654, 
-466, 
182, 
458, 
-96, 
-452, 
96, 
746, 
452, 
-48, 
56, 
-38, 
-586, 
-630, 
-4, 
406, 
120, 
-414, 
-164, 
592, 
600, 
26, 
14, 
120, 
-352, 
-708, 
-264, 
388, 
318, 
-308, 
-358, 
392, 
734, 
246, 
-34, 
106, 
-188, 
-678, 
-490, 
176, 
384, 
-124, 
-474, 
106, 
742, 
438, 
-8, 
108, 
20, 
-528, 
-618, 
-80, 
410, 
118, 
-448, 
-164, 
622, 
588, 
46, 
30, 
78, 
-380, 
-720, 
-296, 
340, 
266, 
-304, 
-386, 
396, 
706, 
276, 
-2, 
142, 
-194, 
-678, 
-500, 
176, 
382, 
-78, 
-468, 
120, 
722, 
440, 
16, 
98, 
-32, 
-570, 
-642, 
-50, 
372, 
114, 
-408, 
-168, 
598, 
624, 
104, 
48, 
106, 
-386, 
-708, 
-290, 
320, 
294, 
-292, 
-360, 
416, 
688, 
266, 
-4, 
142, 
-180, 
-670, 
-520, 
172, 
396, 
-102, 
-466, 
152, 
698, 
432, 
14, 
122, 
8, 
-556, 
-640, 
-66, 
426, 
118, 
-452, 
-142, 
582, 
544, 
144, 
56, 
140, 
-352, 
-714, 
-286, 
356, 
298, 
-312, 
-378, 
384, 
684, 
200, 
68, 
172, 
-150, 
-646, 
-482, 
154, 
406, 
-106, 
-486, 
132, 
732, 
366, 
66, 
158, 
0, 
-538, 
-624, 
-110, 
404, 
86, 
-446, 
-104, 
596, 
534, 
150, 
98, 
126, 
-384, 
-690, 
-276, 
326, 
262, 
-326, 
-354, 
386, 
700, 
242, 
86, 
160, 
-182, 
-714, 
-498, 
160, 
380, 
-122, 
-436, 
154, 
678, 
388, 
106, 
160, 
22, 
-556, 
-658, 
-78, 
408, 
148, 
-444, 
-116, 
584, 
542, 
74, 
126, 
140, 
-344, 
-688, 
-310, 
302, 
292, 
-328, 
-354, 
404, 
632, 
196, 
96, 
206, 
-168, 
-682, 
-500, 
142, 
398, 
-202, 
-430, 
146, 
644, 
384, 
86, 
192, 
16, 
-550, 
-658, 
-84, 
402, 
88, 
-440, 
-114, 
562, 
498, 
66, 
134, 
132, 
-388, 
-716, 
-312, 
290, 
228, 
-296, 
-310, 
382, 
624, 
226, 
126, 
214, 
-170, 
-700, 
-486, 
148, 
380, 
-134, 
-486, 
148, 
646, 
344, 
86, 
198, 
-14, 
-560, 
-634, 
-80, 
400, 
84, 
-450, 
-72, 
594, 
492, 
124, 
152, 
128, 
-386, 
-694, 
-296, 
304, 
252, 
-338, 
-280, 
408, 
564, 
204, 
176, 
222, 
-192, 
-686, 
-506, 
134, 
372, 
-158, 
-416, 
182, 
648, 
350, 
98, 
250, 
14, 
-574, 
-640, 
-62, 
392, 
42, 
-442, 
-48, 
576, 
446, 
102, 
198, 
146, 
-402, 
-692, 
-296, 
308, 
240, 
-362, 
-274, 
398, 
570, 
238, 
162, 
212, 
-176, 
-648, 
-514, 
166, 
376, 
-184, 
-410, 
176, 
624, 
310, 
134, 
256, 
4, 
-562, 
-638, 
-120, 
372, 
36, 
-406, 
-44, 
574, 
462, 
84, 
220, 
148, 
-388, 
-702, 
-284, 
276, 
238, 
-376, 
-322, 
432, 
550, 
188, 
154, 
230, 
-194, 
-664, 
-508, 
146, 
348, 
-194, 
-390, 
228, 
566, 
306, 
160, 
276, 
14, 
-566, 
-648, 
-114, 
332, 
32, 
-372, 
-66, 
548, 
432, 
118, 
252, 
178, 
-376, 
-700, 
-276, 
350, 
222, 
-346, 
-248, 
426, 
450, 
188, 
166, 
258, 
-238, 
-700, 
-498, 
120, 
318, 
-216, 
-390, 
206, 
568, 
272, 
182, 
270, 
-6, 
-578, 
-638, 
-82, 
376, 
12, 
-416, 
16, 
542, 
376, 
164, 
278, 
172, 
-434, 
-734, 
-300, 
276, 
194, 
-360, 
-218, 
424, 
518, 
184, 
200, 
290, 
-216, 
-664, 
-512, 
164, 
334, 
-222, 
-364, 
240, 
524, 
286, 
176, 
286, 
-34, 
-560, 
-658, 
-48, 
372, 
6, 
-414, 
22, 
518, 
372, 
168, 
272, 
192, 
-404, 
-700, 
-276, 
280, 
188, 
-356, 
-182, 
424, 
490, 
166, 
268, 
292, 
-230, 
-680, 
-496, 
106, 
300, 
-218, 
-368, 
228, 
530, 
262, 
272, 
310, 
10, 
-582, 
-668, 
-90, 
376, 
-52, 
-446, 
32, 
546, 
330, 
152, 
304, 
210, 
-404, 
-712, 
-310, 
300, 
170, 
-350, 
-180, 
438, 
462, 
186, 
248, 
276, 
-210, 
-676, 
-484, 
142, 
304, 
-218, 
-338, 
232, 
512, 
266, 
216, 
302, 
-4, 
-584, 
-660, 
-104, 
334, 
-26, 
-418, 
40, 
504, 
346, 
212, 
322, 
158, 
-390, 
-730, 
-290, 
254, 
138, 
-362, 
-148, 
406, 
430, 
204, 
272, 
296, 
-230, 
-706, 
-506, 
154, 
306, 
-266, 
-338, 
254, 
500, 
280, 
220, 
350, 
-2, 
-586, 
-654, 
-28, 
302, 
-92, 
-368, 
68, 
494, 
338, 
220, 
354, 
202, 
-376, 
-738, 
-298, 
280, 
108, 
-368, 
-104, 
400, 
402, 
208, 
306, 
300, 
-208, 
-700, 
-482, 
184, 
244, 
-242, 
-300, 
244, 
458, 
230, 
212, 
374, 
34, 
-586, 
-666, 
-34, 
304, 
-56, 
-386, 
94, 
454, 
338, 
198, 
374, 
184, 
-410, 
-706, 
-286, 
272, 
98, 
-308, 
-112, 
426, 
354, 
194, 
294, 
328, 
-184, 
-706, 
-492, 
112, 
232, 
-266, 
-294, 
298, 
444, 
220, 
246, 
404, 
20, 
-572, 
-632, 
-68, 
290, 
-112, 
-370, 
82, 
464, 
302, 
208, 
356, 
190, 
-368, 
-738, 
-290, 
240, 
100, 
-386, 
-122, 
398, 
352, 
234, 
292, 
330, 
-196, 
-688, 
-530, 
94, 
252, 
-232, 
-276, 
284, 
466, 
236, 
272, 
376, 
24, 
-578, 
-644, 
-46, 
284, 
-112, 
-350, 
128, 
444, 
272, 
214, 
380, 
202, 
-394, 
-740, 
-314, 
246, 
62, 
-362, 
-114, 
386, 
358, 
234, 
352, 
312, 
-150, 
-698, 
-508, 
146, 
226, 
-262, 
-280, 
266, 
456, 
222, 
254, 
368, 
-6, 
-600, 
-678, 
-42, 
288, 
-126, 
-316, 
104, 
412, 
302, 
214, 
378, 
186, 
-382, 
-734, 
-290, 
246, 
34, 
-338, 
-80, 
366, 
356, 
224, 
336, 
312, 
-160, 
-694, 
-476, 
112, 
190, 
-278, 
-218, 
284, 
402, 
232, 
294, 
416, 
14, 
-552, 
-670, 
-92, 
254, 
-128, 
-328, 
124, 
430, 
246, 
238, 
400, 
224, 
-380, 
-696, 
-248, 
216, 
52, 
-332, 
-100, 
348, 
324, 
230, 
360, 
324, 
-158, 
-708, 
-496, 
134, 
190, 
-252, 
-242, 
270, 
410, 
198, 
308, 
378, 
26, 
-606, 
-686, 
-94, 
254, 
-130, 
-338, 
144, 
408, 
276, 
238, 
432, 
174, 
-406, 
-734, 
-262, 
222, 
14, 
-344, 
-20, 
358, 
314, 
174, 
380, 
334, 
-194, 
-680, 
-506, 
118, 
146, 
-254, 
-156, 
280, 
392, 
212, 
302, 
382, 
30, 
-558, 
-658, 
-62, 
248, 
-150, 
-328, 
128, 
374, 
242, 
270, 
448, 
220, 
-424, 
-788, 
-284, 
208, 
8, 
-312, 
-16, 
372, 
296, 
226, 
390, 
320, 
-202, 
-714, 
-484, 
92, 
124, 
-280, 
-144, 
294, 
292, 
190, 
364, 
426, 
28, 
-608, 
-638, 
-34, 
200, 
-170, 
-302, 
160, 
402, 
240, 
264, 
420, 
246, 
-406, 
-710, 
-290, 
190, 
-10, 
-326, 
18, 
348, 
272, 
238, 
398, 
346, 
-188, 
-662, 
-466, 
142, 
70, 
-302, 
-168, 
262, 
318, 
200, 
360, 
404, 
36, 
-602, 
-634, 
-28, 
198, 
-190, 
-242, 
158, 
360, 
230, 
242, 
432, 
228, 
-388, 
-726, 
-242, 
212, 
-50, 
-294, 
18, 
356, 
286, 
270, 
408, 
336, 
-182, 
-692, 
-444, 
110, 
84, 
-322, 
-128, 
276, 
310, 
188, 
356, 
440, 
32, 
-588, 
-638, 
-60, 
170, 
-176, 
-270, 
158, 
316, 
232, 
272, 
446, 
206, 
-434, 
-710, 
-224, 
154, 
-50, 
-310, 
-2, 
340, 
272, 
214, 
398, 
346, 
-198, 
-670, 
-458, 
82, 
64, 
-292, 
-136, 
304, 
326, 
192, 
316, 
450, 
14, 
-600, 
-624, 
-38, 
170, 
-224, 
-222, 
216, 
358, 
212, 
336, 
446, 
210, 
-418, 
-724, 
-306, 
126, 
-56, 
-304, 
56, 
292, 
262, 
214, 
442, 
370, 
-144, 
-696, 
-472, 
90, 
46, 
-270, 
-88, 
312, 
294, 
216, 
378, 
432, 
22, 
-556, 
-618, 
-86, 
110, 
-224, 
-212, 
174, 
326, 
196, 
270, 
448, 
240, 
-400, 
-714, 
-220, 
144, 
-84, 
-294, 
72, 
312, 
250, 
224, 
416, 
358, 
-188, 
-722, 
-440, 
94, 
60, 
-306, 
-92, 
294, 
322, 
262, 
394, 
436, 
80, 
-560, 
-618, 
-78, 
94, 
-202, 
-226, 
174, 
318, 
248, 
288, 
466, 
234, 
-380, 
-700, 
-226, 
124, 
-80, 
-252, 
46, 
332, 
218, 
250, 
446, 
400, 
-156, 
-708, 
-472, 
66, 
26, 
-290, 
-90, 
256, 
248, 
206, 
386, 
462, 
76, 
-578, 
-642, 
-74, 
114, 
-258, 
-136, 
186, 
292, 
204, 
320, 
438, 
244, 
-404, 
-682, 
-268, 
124, 
-136, 
-284, 
84, 
348, 
238, 
252, 
448, 
472, 
-122, 
-666, 
-480, 
58, 
-14, 
-290, 
-96, 
246, 
234, 
216, 
342, 
474, 
106, 
-544, 
-600, 
-70, 
40, 
-216, 
-188, 
184, 
272, 
220, 
318, 
500, 
272, 
-406, 
-702, 
-290, 
98, 
-150, 
-260, 
56, 
314, 
222, 
248, 
452, 
408, 
-146, 
-658, 
-438, 
84, 
-2, 
-268, 
-58, 
260, 
252, 
190, 
394, 
454, 
80, 
-538, 
-592, 
-76, 
80, 
-204, 
-170, 
196, 
270, 
214, 
316, 
490, 
296, 
-360, 
-676, 
-354, 
74, 
-148, 
-218, 
46, 
330, 
190, 
260, 
430, 
382, 
-140, 
-640, 
-432, 
-10, 
-46, 
-286, 
-52, 
248, 
288, 
198, 
384, 
498, 
100, 
-534, 
-582, 
-114, 
14, 
-216, 
-160, 
150, 
258, 
212, 
300, 
506, 
300, 
-364, 
-668, 
-288, 
66, 
-178, 
-250, 
88, 
268, 
238, 
230, 
408, 
436, 
-106, 
-670, 
-448, 
16, 
-50, 
-220, 
-46, 
250, 
212, 
228, 
412, 
478, 
106, 
-524, 
-654, 
-108, 
32, 
-234, 
-172, 
224, 
238, 
178, 
320, 
490, 
340, 
-362, 
-620, 
-290, 
50, 
-174, 
-244, 
82, 
240, 
208, 
262, 
454, 
416, 
-134, 
-680, 
-468, 
4, 
-82, 
-298, 
-20, 
240, 
198, 
186, 
400, 
480, 
126, 
-514, 
-568, 
-112, 
-2, 
-220, 
-148, 
196, 
250, 
172, 
302, 
514, 
308, 
-332, 
-656, 
-290, 
-10, 
-152, 
-228, 
54, 
252, 
188, 
218, 
430, 
434, 
-92, 
-630, 
-458, 
-6, 
-82, 
-238, 
-66, 
230, 
202, 
164, 
388, 
514, 
138, 
-578, 
-598, 
-92, 
-26, 
-258, 
-132, 
154, 
234, 
198, 
324, 
520, 
306, 
-322, 
-682, 
-262, 
8, 
-194, 
-212, 
88, 
272, 
244, 
254, 
446, 
438, 
-146, 
-626, 
-426, 
8, 
-128, 
-262, 
-40, 
230, 
198, 
214, 
338, 
494, 
84, 
-528, 
-540, 
-118, 
-48, 
-234, 
-126, 
176, 
220, 
186, 
340, 
524, 
292, 
-350, 
-634, 
-234, 
-34, 
-212, 
-208, 
134, 
230, 
164, 
258, 
494, 
418, 
-110, 
-634, 
-456, 
-8, 
-148, 
-244, 
20, 
218, 
196, 
218, 
438, 
472, 
138, 
-498, 
-548, 
-138, 
-56, 
-284, 
-88, 
194, 
250, 
184, 
330, 
516, 
342, 
-318, 
-616, 
-276, 
-50, 
-196, 
-202, 
80, 
248, 
148, 
218, 
476, 
492, 
-80, 
-614, 
-442, 
-62, 
-106, 
-240, 
26, 
242, 
222, 
196, 
420, 
528, 
136, 
-530, 
-562, 
-172, 
-110, 
-222, 
-46, 
184, 
192, 
186, 
330, 
520, 
356, 
-318, 
-610, 
-264, 
-34, 
-208, 
-224, 
110, 
202, 
154, 
236, 
468, 
494, 
-108, 
-618, 
-428, 
-98, 
-184, 
-192, 
26, 
226, 
190, 
212, 
392, 
556, 
174, 
-474, 
-556, 
-136, 
-110, 
-270, 
-112, 
180, 
192, 
154, 
294, 
520, 
324, 
-338, 
-616, 
-246, 
-68, 
-250, 
-134, 
108, 
244, 
162, 
222, 
468, 
466, 
-80, 
-592, 
-436, 
-76, 
-158, 
-242, 
10, 
236, 
206, 
192, 
422, 
552, 
190, 
-498, 
-520, 
-178, 
-146, 
-262, 
-88, 
166, 
242, 
182, 
316, 
526, 
346, 
-288, 
-626, 
-274, 
-100, 
-250, 
-166, 
82, 
212, 
162, 
254, 
474, 
496, 
-52, 
-554, 
-402, 
-146, 
-176, 
-238, 
-22, 
204, 
184, 
202, 
358, 
548, 
178, 
-454, 
-518, 
-186, 
-114, 
-264, 
-102, 
176, 
222, 
176, 
304, 
538, 
372, 
-276, 
-580, 
-308, 
-78, 
-222, 
-162, 
102, 
196, 
160, 
198, 
504, 
476, 
-38, 
-578, 
-402, 
-112, 
-222, 
-236, 
16, 
222, 
210, 
156, 
422, 
500, 
168, 
-472, 
-502, 
-182, 
-170, 
-252, 
-64, 
178, 
184, 
168, 
270, 
506, 
384, 
-244, 
-584, 
-302, 
-120, 
-298, 
-206, 
80, 
178, 
156, 
224, 
490, 
490, 
2, 
-500, 
-366, 
-156, 
-252, 
-274, 
46, 
200, 
166, 
176, 
364, 
546, 
166, 
-442, 
-524, 
-180, 
-192, 
-268, 
-58, 
200, 
186, 
174, 
294, 
538, 
350, 
-290, 
-542, 
-278, 
-100, 
-276, 
-158, 
90, 
216, 
148, 
224, 
494, 
466, 
-56, 
-550, 
-392, 
-136, 
-220, 
-252, 
44, 
176, 
176, 
172, 
380, 
526, 
164, 
-416, 
-498, 
-218, 
-216, 
-288, 
-80, 
182, 
188, 
162, 
302, 
518, 
384, 
-230, 
-548, 
-278, 
-184, 
-292, 
-136, 
128, 
190, 
144, 
228, 
480, 
490, 
-24, 
-522, 
-384, 
-138, 
-250, 
-226, 
32, 
208, 
164, 
172, 
408, 
570, 
200, 
-392, 
-460, 
-184, 
-214, 
-290, 
-72, 
176, 
182, 
142, 
326, 
542, 
380, 
-234, 
-522, 
-304, 
-164, 
-316, 
-196, 
102, 
198, 
158, 
240, 
524, 
514, 
-18, 
-474, 
-372, 
-166, 
-244, 
-208, 
18, 
200, 
142, 
168, 
420, 
570, 
208, 
-378, 
-424, 
-180, 
-224, 
-302, 
-44, 
166, 
180, 
136, 
298, 
558, 
402, 
-212, 
-482, 
-288, 
-176, 
-304, 
-164, 
114, 
214, 
158, 
226, 
510, 
490, 
0, 
-486, 
-366, 
-184, 
-276, 
-260, 
18, 
198, 
174, 
192, 
404, 
558, 
