 -20
 -52
 -6
 -4
 -16
 32
 -82
 -24
 0
 -24
 16
 -2
 -36
 -44
 0
 -86
 -36
 -34
 -50
 -16
 -6
 -28
 -14
 22
 -52
 -58
 -6
 -10
 -46
 -18
 -24
 -12
 -24
 -64
 -46
 32
 -32
 -42
 -20
 -58
 2
 22
 -42
 -8
 -10
 -44
 -8
 14
 -46
 -24
 2
 -58
 -2
 -4
 -36
 -4
 -4
 -38
 -4
 -6
 -22
 -50
 -10
 -16
 14
 -14
 -64
 2
 -26
 -50
 -14
 -34
 -74
 0
 -34
 -28
 -16
 0
 -48
 -50
 -2
 -26
 38
 -18
 -38
 10
 -16
 -40
 -12
 -20
 -34
 -22
 -32
 -8
 -8
 -14
 -62
 -54
 -48
 -32
 6
 -54
 -48
 -2
 -52
 -74
 6
 -38
 -32
 -6
 -6
 -52
 18
 -32
 -36
 50
 18
 -22
 6
 -34
 -48
 20
 -48
 -38
 -22
 -56
 -32
 -18
 -24
 -68
 2
 -60
 -56
 18
 -44
 -38
 -2
 -30
 -12
 -4
 -4
 -36
 24
 -22
 -58
 -14
 -14
 -24
 18
 -38
 -10
 14
 -28
 -30
 -2
 -62
 -36
 -6
 -30
 -38
 4
 -42
 -24
 0
 -26
 -26
 -14
 -58
 -22
 -22
 -34
 -4
 -40
 -50
 -26
 -36
 -68
 -16
 -4
 -54
 -24
 -12
 -44
 -2
 -34
 -62
 -24
 -6
 -52
 -16
 -28
 -56
 -18
 -14
 -30
 30
 -8
 -16
 -2
 -22
 -40
 -6
 -8
 -22
 -34
 -22
 -60
 -30
 -20
 -40
 -2
 -20
 -50
 -2
 16
 -66
 -2
 6
 -4
 -16
 4
 -62
 10
 -18
 -66
 -2
 -24
 -62
 -22
 -24
 -60
 -6
 -42
 -54
 32
 -18
 -24
 14
 -12
 -48
 28
 -18
 -32
 -38
 -10
 -72
 10
 -24
 -32
 8
 -4
 -50
 -10
 2
 -36
 8
 -32
 -8
 -18
 -16
 -20
 -20
 -12
 -42
 10
 -6
 -18
 6
 -16
 -54
 6
 -24
 -50
 4
 -26
 -54
 0
 -40
 -34
 -6
 -36
 -34
 -2
 -34
 -54
 16
 -48
 -12
 26
 -30
 -18
 -52
 -22
 -20
 -6
 -52
 -18
 -18
 -58
 -38
 -20
 -36
 -14
 -6
 -42
 -38
 14
 -32
 -16
 -16
 -8
 -22
 2
 -20
 -16
 -12
 -66
 -20
 24
 -28
 -38
 -36
 -22
 -20
 -18
 -50
 -36
 0
 -68
 -12
 12
 -48
 -16
 -2
 4
 -2
 8
 -38
 -36
 -38
 -24
 2
 -4
 -42
 -34
 2
 -62
 -30
 -8
 -46
 -18
 10
 -48
 -2
 -14
 -22
 56
 -6
 -36
 -16
 -20
 -66
 18
 -32
 -34
 -24
 -34
 -26
 -18
 -24
 -48
 -2
 -6
 -50
 0
 -6
 -36
 6
 -14
 -58
 -40
 -34
 -22
 -10
 -80
 -52
 -38
 -38
 -34
 36
 -24
 -50
 -24
 8
 -28
 14
 -36
 -44
 4
 -40
 -34
 20
 -18
 -48
 -4
 -66
 16
 6
 -44
 -26
 8
 -34
 -30
 -10
 -32
 -32
 0
 -54
 -24
 0
 -56
 -28
 -12
 -68
 -16
 -10
 -52
 -36
 0
 -48
 -38
 -24
 -20
 -2
 40
 -12
 -12
 22
 -40
 -12
 2
 -10
 -32
 -12
 -38
 -40
 -18
 -48
 32
 18
 -22
 -8
 10
 -62
 -74
 -6
 -20
 -32
 -14
 -46
 -28
 6
 -48
 -28
 -14
 -20
 -4
 -14
 -38
 -30
 -68
 -36
 14
 -10
 -18
 -26
 -6
 -68
 -4
 -42
 -42
 0
 -40
 -66
 -24
 -16
 -32
 -4
 -26
 -32
 28
 -4
 -20
 -6
 -18
 -36
 -8
 -18
 -54
 -8
 -8
 -32
 -32
 -22
 -74
 14
 -28
 -42
 -14
 14
 -50
 26
 -12
 -42
 -16
 -16
 -22
 -18
 -38
 -56
 -2
 36
 -54
 -4
 -28
 -52
 -14
 8
 -38
 -12
 -6
 -50
 6
 18
 -42
 -58
 -58
 -46
 -22
 -70
 -36
 -14
 -12
 -38
 -22
 -62
 -40
 16
 -40
 -22
 -10
 -16
 -36
 6
 -44
 -42
 16
 -30
 2
 -6
 -40
 -40
 2
 -56
 -22
 18
 -52
 -58
 22
 -12
 -16
 2
 -52
 -4
 -12
 -46
 -40
 18
 -66
 -76
 -24
 -36
 -58
 8
 -34
 -32
 -22
 -34
 -8
 -10
 -70
 -40
 -26
 -6
 -8
 10
 -10
 -34
 -18
 -30
 -30
 -38
 -70
 -26
 22
 -24
 -22
 12
 -40
 -26
 -20
 -24
 -20
 14
 -44
 6
 -26
 -44
 -58
 -28
 -36
 -24
 -10
 -42
 -12
 -2
 -60
 -26
 -8
 -62
 -40
 -24
 -60
 12
 -16
 -52
 -16
 38
 -52
 -66
 -8
 -40
 -44
 -6
 -30
 -14
 -14
 -50
 -42
 -12
 -20
 10
 -34
 -36
 -46
 -24
 -44
 -10
 -14
 -32
 -30
 -20
 -26
 12
 -14
 -16
 -18
 -36
 -42
 56
 -12
 -26
 -2
 -54
 -30
 4
 -32
 -18
 -34
 -22
 -28
 32
 16
 -36
 18
 -2
 -16
 -6
 10
 -60
 -18
 -12
 -10
 4
 -10
 -70
 -14
 -18
 -46
 -10
 -22
 -44
 36
 -18
 -40
 8
 -46
 4
 -16
 -6
 -18
 6
 -20
 -22
 -28
 -40
 -40
 6
 -16
 -6
 -16
 -16
 -38
 -32
 -26
 -28
 -26
 -22
 -6
 -8
 -40
 -14
 -16
 -22
 -48
 -22
 -46
 -10
 -14
 -34
 -30
 -14
 -14
 -30
 -12
 -38
 -20
 -10
 -16
 -28
 -18
 -38
 -4
 -32
 -36
 -26
 -18
 -4
 -44
 -10
 -48
 12
 -10
 -8
 -6
 -10
 -20
 -34
 -50
 -30
 -8
 -48
 -40
 -22
 -12
 -22
 -10
 8
 -42
 16
 4
 -28
 0
 -14
 -4
 -18
 -24
 -40
 -34
 -12
 -12
 -12
 0
 -10
 16
 -18
 -16
 -32
 -16
 -54
 0
 4
 -34
 32
 -14
 0
 -6
 -2
 -46
 -6
 -48
 -54
 -36
 -8
 -60
 -2
 12
 -8
 -20
 -12
 20
 -4
 -24
 -24
 0
 -6
 -22
 -8
 14
 -14
 6
 -42
 -12
 16
 -30
 -36
 -2
 -22
 -12
 14
 -28
 -12
 -32
 -2
 -48
 10
 -34
 -26
 22
 -10
 -22
 -6
 -24
 -50
 -16
 -50
 -30
 14
 -24
 -24
 38
 -46
 -72
 20
 -26
 -48
 -14
 -58
 -32
 -6
 -26
 -40
 2
 -58
 -52
 -10
 -32
 -16
 -4
 -48
 -24
 42
 -34
 -26
 24
 -32
 -50
 -14
 -58
 -34
 -22
 -46
 -20
 6
 -46
 -16
 -6
 -72
 -40
 -10
 -26
 -8
 -22
 -12
 14
 -24
 -46
 -14
 -16
 -24
 -26
 14
 -34
 0
 6
 -30
 8
 4
 -26
 -18
 10
 -52
 -20
 4
 -24
 -32
 -10
 -30
 -30
 -26
 -48
 -18
 -30
 -50
 -48
 -16
 -50
 -26
 -28
 -10
 -28
 -8
 -42
 2
 -22
 -54
 -30
 -40
 -16
 -20
 -20
 -24
 -30
 2
 -40
 -34
 -2
 -42
 -16
 -6
 -38
 -52
 -2
 -2
 4
 -4
 -40
 -22
 -6
 -40
 -4
 -20
 -74
 -26
 -22
 -42
 16
 -16
 -36
 -2
 -18
 -14
 10
 -32
 -20
 -16
 -32
 -64
 -20
 -46
 -46
 -26
 -28
 -2
 46
 -12
 -8
 32
 -34
 -2
 8


