 -112
 -168
 308
 -654
 -1098
 -386
 498
 496
 380
 198
 260
 52
 -288
 80
 154
 -706
 -1112
 -158
 552
 454
 366
 266
 200
 74
 -416
 252
 -78
 -816
 -1056
 2
 592
 426
 288
 316
 120
 62
 -432
 382
 -244
 -950
 -886
 208
 614
 474
 224
 320
 94
 -42
 -402
 404
 -340
 -1070
 -708
 310
 566
 484
 208
 282
 104
 -154
 -212
 348
 -490
 -1160
 -506
 456
 498
 432
 268
 198
 114
 -378
 -10
 174
 -616
 -1194
 -312
 552
 560
 398
 356
 154
 136
 -468
 178
 -34
 -744
 -1122
 -108
 580
 556
 288
 346
 118
 58
 -494
 340
 -124
 -922
 -986
 94
 542
 554
 300
 302
 150
 -56
 -410
 346
 -230
 -1082
 -842
 246
 562
 552
 300
 280
 180
 -232
 -286
 266
 -330
 -1152
 -630
 392
 596
 496
 328
 212
 172
 -374
 -60
 200
 -492
 -1202
 -490
 504
 600
 418
 336
 214
 154
 -512
 64
 74
 -690
 -1186
 -242
 504
 624
 348
 362
 192
 100
 -558
 240
 22
 -878
 -1124
 -44
 570
 614
 354
 334
 178
 -2
 -496
 258
 -92
 -1044
 -1006
 144
 586
 584
 356
 286
 234
 -180
 -344
 206
 -198
 -1130
 -816
 288
 596
 484
 382
 230
 218
 -384
 -174
 196
 -384
 -1194
 -582
 400
 692
 440
 418
 182
 214
 -522
 -68
 134
 -542
 -1200
 -386
 464
 678
 382
 412
 222
 136
 -528
 82
 106
 -726
 -1176
 -196
 510
 648
 422
 366
 222
 -36
 -532
 136
 14
 -922
 -1068
 -4
 612
 602
 422
 332
 284
 -184
 -452
 190
 -122
 -1072
 -910
 126
 680
 554
 438
 200
 294
 -348
 -268
 182
 -248
 -1178
 -722
 314
 690
 514
 448
 216
 262
 -514
 -176
 214
 -414
 -1270
 -514
 364
 686
 480
 418
 262
 168
 -562
 -40
 176
 -600
 -1216
 -294
 420
 658
 474
 380
 292
 -16
 -540
 4
 110
 -786
 -1132
 -124
 564
 598
 502
 310
 332
 -174
 -496
 80
 14
 -998
 -1070
 2
 638
 564
 526
 254
 354
 -330
 -424
 120
 -134
 -1104
 -822
 176
 682
 534
 530
 254
 286
 -462
 -328
 144
 -286
 -1188
 -658
 266
 722
 504
 480
 314
 208
 -496
 -214
 158
 -464
 -1256
 -450
 394
 688
 542
 428
 360
 78
 -562
 -114
 150
 -680
 -1202
 -302
 538
 622
 550
 354
 384
 -124
 -526
 -12
 96
 -866
 -1112
 -134
 638
 592
 578
 316
 400
 -234
 -502
 78
 16
 -1054
 -928
 -30
 680
 586
 576
 308
 366
 -402
 -434
 80
 -76
 -1154
 -788
 158
 668
 594
 524
 378
 288
 -472
 -338
 102
 -278
 -1206
 -634
 328
 686
 594
 416
 376
 160
 -580
 -242
 162
 -516
 -1216
 -512
 440
 660
 576
 420
 428
 0
 -590
 -144
 166
 -714
 -1170
 -356
 616
 660
 602
 352
 446
 -148
 -560
 -82
 130
 -896
 -1052
 -158
 624
 654
 608
 368
 440
 -272
 -524
 14
 44
 -1094
 -960
 -14
 638
 624
 560
 382
 360
 -410
 -464
 40
 -134
 -1180
 -836
 186
 670
 636
 468
 454
 238
 -504
 -376
 160
 -320
 -1148
 -670
 352
 680
 650
 418
 480
 134
 -612
 -290
 184
 -550
 -1152
 -488
 480
 630
 652
 382
 478
 2
 -610
 -202
 150
 -772
 -1128
 -322
 560
 642
 612
 410
 440
 -168
 -598
 -158
 104
 -892
 -1012
 -132
 594
 704
 574
 422
 432
 -310
 -558
 -26
 -38
 -1038
 -946
 58
 658
 700
 510
 476
 354
 -470
 -492
 78
 -196
 -1098
 -862
 202
 640
 696
 502
 514
 246
 -550
 -472
 152
 -388
 -1118
 -670
 314
 642
 676
 466
 514
 66
 -596
 -400
 184
 -582
 -1126
 -522
 468
 700
 662
 430
 510
 -48
 -620
 -278
 178
 -756
 -1120
 -310
 502
 686
 636
 484
 474
 -230
 -634
 -178
 52
 -928
 -1042
 -130
 582
 728
 534
 480
 432
 -384
 -614
 -52
 -82
 -1004
 -912
 72
 638
 746
 520
 546
 330
 -472
 -584
 96
 -278
 -1082
 -802
 214
 630
 716
 508
 582
 216
 -580
 -494
 158
 -472
 -1136
 -654
 310
 686
 676
 468
 544
 42
 -618
 -430
 156
 -558
 -1136
 -470
 406
 692
 628
 484
 594
 -114
 -666
 -288
 134
 -744
 -1126
 -286
 468
 686
 598
 502
 512
 -234
 -670
 -164
 18
 -846
 -1070
 -82
 518
 754
 560
 542
 452
 -384
 -664
 -16
 -120
 -976
 -930
 72
 614
 716
 558
 570
 304
 -476
 -638
 74
 -264
 -1020
 -810
 186
 648
 686
 524
 634
 136
 -584
 -584
 118
 -400
 -1078
 -610
 294
 720
 700
 526
 640
 22
 -666
 -466
 100
 -536
 -1162
 -436
 412
 732
 640
 540
 608
 -108
 -754
 -290
 44
 -664
 -1108
 -268
 494
 738
 572
 554
 516
 -224
 -744
 -146
 -14
 -802
 -1052
 -110
 580
 770
 580
 618
 408
 -364
 -758
 -42
 -134
 -954
 -916
 30
 644
 726
 532
 656
 320
 -518
 -662
 6
 -230
 -1038
 -764
 186
 692
 722
 540
 680
 192
 -638
 -582
 68
 -398
 -1086
 -592
 266
 708
 702
 518
 652
 54
 -714
 -452
 32
 -490
 -1154
 -428
 390
 764
 664
 582
 608
 -72
 -826
 -334
 20
 -660
 -1070
 -318
 436
 778
 610
 606
 552
 -240
 -780
 -204
 -34
 -810
 -992
 -158
 566
 728
 550
 688
 470
 -350
 -744
 -152
 -126
 -974
 -876
 -14
 650
 736
 566
 700
 306
 -538
 -716
 -40
 -232
 -1080
 -736
 138
 708
 732
 566
 676
 222
 -666
 -586
 6
 -354
 -1088
 -576
 264
 736
 690
 620
 654
 88
 -744
 -482
 26
 -504
 -1064
 -452
 374
 764
 658
 666
 656
 -96
 -828
 -394
 4
 -672
 -1026
 -324
 464
 774
 598
 682
 526
 -236
 -818
 -280
 -10
 -838
 -944
 -152
 548
 734
 562
 674
 490
 -420
 -778
 -202
 -112
 -968
 -834
 -10
 662
 728
 622
 736
 336
 -578
 -696
 -114
 -208
 -998
 -742
 112
 700
 704
 598
 700
 216
 -728
 -618
 -56
 -364
 -1020
 -602
 272
 720
 630
 690
 678
 68
 -798
 -550
 -16
 -512
 -1046
 -464
 382
 772
 620
 732
 640
 -90
 -784
 -440
 14
 -672
 -980
 -330
 476
 792
 614
 726
 560
 -266
 -850
 -320
 -40
 -784
 -924
 -162
 554
 736
 624
 750
 502
 -438
 -794
 -210
 -108
 -910
 -808
 -18
 654
 702
 650
 778
 382
 -598
 -716
 -142
 -258
 -972
 -714
 142
 694
 688
 662
 738
 216
 -748
 -672
 -32
 -370
 -1002
 -546
 242
 738
 628
 670
 708
 48
 -794
 -540
 -20
 -544
 -1024
 -410
 378
 782
 634
 738
 672
 -150
 -860
 -478
 -16
 -740
 -948
 -294
 484
 724
 624
 742
 602
 -334
 -844
 -338
 -62
 -804
 -862
 -130
 578
